286 294 2822 406 210 2777 325 187 2799
284 295 2822 403 212 2777 325 187 2799
286 294 2822 405 209 2777 323 186 2799
284 294 2822 405 210 2777 323 186 2799
285 294 2822 404 209 2777 321 188 2822
286 294 2822 407 210 2777 321 188 2822
285 295 2822 405 209 2777 323 187 2822
287 294 2822 405 209 2777 320 187 2799
286 294 2822 404 207 2777 323 186 2822
286 294 2822 404 209 2777 323 186 2822
287 294 2822 402 208 2777 323 186 2822
287 295 2822 401 208 2777 323 186 2822
286 294 2822 401 206 2777 320 186 2799
285 293 2822 402 208 2777 320 186 2799
285 293 2822 402 206 2799 319 186 2799
285 293 2822 403 207 2777 320 186 2799
287 294 2822 404 205 2777 320 186 2799
286 294 2822 403 205 2777 320 185 2799
289 294 2822 403 205 2777 320 185 2799
287 294 2822 402 204 2777 319 185 2799
288 294 2822 403 204 2777 319 184 2799
289 295 2822 403 203 2799 320 184 2799
288 295 2822 401 203 2799 319 184 2799
289 294 2822 402 202 2799 320 184 2799
288 292 2799 401 202 2799 320 183 2799
288 291 2799 401 202 2799 320 183 2799
289 294 2822 401 201 2777 318 185 2799
289 294 2822 401 201 2799 319 184 2799
289 294 2822 401 201 2799 319 184 2799
289 294 2822 400 200 2777 320 184 2799
291 294 2822 400 199 2799 320 184 2799
291 295 2822 399 200 2799 320 183 2799
289 294 2822 399 198 2777 318 183 2799
291 294 2822 400 200 2777 319 183 2799
290 294 2822 399 199 2777 317 184 2799
290 292 2799 400 199 2777 317 184 2799
290 292 2799 399 199 2777 317 183 2799
291 293 2822 400 197 2777 318 183 2799
291 294 2822 400 200 2799 317 184 2799
290 293 2822 400 199 2777 316 184 2799
290 293 2822 400 199 2777 316 184 2799
290 294 2822 401 197 2777 316 184 2799
290 291 2822 400 200 2799 316 184 2799
291 292 2799 400 195 2777 316 184 2799
292 293 2822 400 196 2777 315 184 2799
292 293 2822 400 196 2777 315 184 2799
291 292 2822 400 196 2777 315 185 2799
292 292 2822 400 196 2777 315 185 2799
291 293 2822 399 196 2777 316 185 2799
291 291 2822 398 196 2777 314 185 2799
293 294 2845 399 196 2777 314 185 2799
292 293 2822 399 195 2777 315 185 2799
291 290 2015 396 195 2777 316 186 2799
295 296 2822 396 196 2777 316 186 2799
295 297 2822 396 195 2777 315 186 2799
293 296 2822 396 194 2777 314 187 2799
293 296 2822 394 195 2777 314 187 2822
295 295 2845 395 194 2777 316 186 2822
296 295 2822 395 193 2777 314 187 2799
294 296 2822 394 194 2777 314 187 2822
296 297 2822 395 192 2777 312 186 2822
297 296 2799 394 193 2777 313 187 2799
297 298 2822 394 191 2777 313 186 2799
296 298 2822 393 193 2777 312 187 2799
297 300 2822 393 191 2777 312 187 2799
296 298 2822 393 191 2777 312 187 2799
297 299 2822 393 192 2777 310 186 2822
297 299 2822 392 191 2777 311 187 2799
297 298 2799 391 191 2777 309 186 2822
298 297 2799 392 192 2777 308 187 2822
296 298 2822 390 190 2777 308 187 2822
297 299 2822 391 190 2777 306 187 2822
298 298 2822 391 191 2777 306 187 2822
298 299 2799 391 190 2777 306 187 2822
299 297 2822 389 189 2777 306 187 2822
300 299 2799 389 188 2777 306 187 2822
299 299 2799 388 187 2777 305 187 2822
300 299 2799 388 189 2777 305 187 2799
299 299 2799 389 187 2777 304 187 2822
298 297 2799 387 187 2777 304 187 2822
300 298 2822 388 187 2777 304 187 2822
300 298 2822 304 187 2822 388 186 2777
301 298 2822 304 187 2822 387 185 2777
301 298 2822 304 187 2822 387 185 2777
303 296 2822 304 187 2822 386 184 2799
303 296 2822 304 187 2822 386 184 2799
301 297 2822 304 186 2822 386 182 2799
304 296 2799 302 187 2822 388 182 2777
303 296 2822 302 188 2822 386 182 2777
301 294 2822 303 187 2822 386 181 2777
300 294 2845 301 187 2799 386 181 2777
303 298 2799 301 188 2799 385 180 2777
303 296 2822 301 187 2799 384 179 2777
302 295 2822 301 189 2799 385 178 2799
303 297 2822 301 186 2799 384 178 2799
304 296 2822 300 186 2799 384 176 2799
304 296 2799 301 186 2799 385 176 2799
305 296 2799 300 186 2799 383 175 2777
307 296 2799 302 185 2799 383 175 2777
307 296 2799 299 186 2799 383 174 2777
305 296 2822 302 185 2799 383 173 2777
303 294 2822 298 186 2799 383 174 2777
305 299 2799 296 188 2799 381 174 2777
306 298 2799 297 186 2799 381 176 2777
310 298 2799 296 188 2799 380 174 2777
308 296 2799 296 187 2799 380 174 2777
310 298 2799 298 187 2799 379 175 2777
307 298 2799 296 188 2799 376 176 2777
310 299 2822 295 188 2799 377 172 2777
310 299 2822 295 188 2799 377 172 2777
312 299 2799 296 189 2799 378 172 2777
310 300 2799 296 189 2799 377 172 2777
311 300 2799 294 189 2799 377 171 2777
312 301 2822 294 189 2799 377 171 2777
313 301 2822 293 194 2799 377 171 2777
311 302 2822 293 193 2799 376 171 2777
312 303 2822 293 192 2799 376 170 2777
315 301 2822 292 194 2799 375 171 2777
314 301 2822 293 193 2799 374 171 2777
312 302 2822 294 194 2799 374 170 2777
315 304 2845 294 193 2799 372 170 2777
315 304 2845 294 193 2799 372 170 2777
314 304 2822 293 193 2799 373 169 2777
314 304 2822 293 193 2799 371 171 2777
313 304 2822 291 195 2799 371 169 2777
314 303 2822 289 196 2799 370 170 2777
316 303 2822 290 195 2799 370 169 2777
316 302 2822 289 196 2799 369 169 2777
316 302 2822 290 196 2799 367 169 2777
317 303 2845 287 197 2799 368 169 2777
316 305 2822 288 195 2799 366 169 2777
316 303 2822 287 196 2799 365 169 2777
315 301 2822 287 196 2799 364 167 2777
315 301 2822 287 196 2799 364 167 2777
316 302 2822 286 195 2799 365 167 2777
317 302 2845 286 196 2799 365 167 2777
317 302 2845 286 196 2799 365 167 2777
320 302 2845 287 196 2799 365 166 2777
318 303 2845 286 196 2799 363 166 2777
319 301 2845 285 196 2799 362 165 2777
320 303 2822 285 195 2799 361 165 2777
324 304 2822 285 196 2799 359 165 2777
320 302 2822 283 197 2799 360 164 2777
321 301 2822 285 196 2799 359 164 2777
321 301 2822 285 196 2799 359 164 2777
321 303 2845 285 196 2799 358 163 2777
321 303 2845 285 196 2799 358 163 2777
322 302 2822 284 196 2822 357 162 2777
324 302 2822 284 196 2799 356 163 2777
322 301 2822 284 196 2799 356 161 2777
323 301 2822 283 197 2822 356 160 2777
326 300 2777 283 199 2799 354 159 2777
327 300 2799 283 197 2799 355 158 2777
324 299 2822 282 200 2799 354 160 2777
324 299 2822 282 200 2799 354 160 2777
326 298 2799 282 200 2822 354 158 2777
326 299 2799 281 198 2799 354 157 2777
326 299 2799 281 198 2799 354 157 2777
326 298 2822 281 199 2799 353 156 2777
326 299 2799 280 198 2799 352 156 2777
326 299 2799 280 201 2822 351 156 2777
325 297 2845 280 200 2799 349 157 2777
328 299 2777 280 200 2822 349 157 2799
328 299 2799 279 199 2799 350 156 2777
331 300 2777 279 199 2799 348 157 2799
327 298 2799 279 199 2799 348 157 2799
330 301 2777 279 201 2822 348 157 2799
332 301 2777 276 202 2822 348 157 2799
331 299 2799 275 202 2822 347 158 2799
332 300 2777 275 203 2822 346 156 2799
331 301 2777 275 203 2799 346 157 2799
332 300 2777 275 203 2822 344 157 2799
332 300 2777 275 203 2799 344 157 2777
333 300 2777 275 203 2822 341 156 2777
334 300 2777 275 205 2799 342 155 2799
335 301 2799 275 206 2799 342 155 2777
337 301 2777 275 205 2799 341 156 2777
335 301 2799 275 206 2799 340 157 2777
335 298 2799 275 205 2799 339 157 2777
337 301 2799 274 206 2799 339 157 2777
336 299 2799 274 207 2822 338 157 2777
335 299 2799 274 205 2799 337 157 2799
337 300 2799 274 206 2799 338 157 2777
336 301 2799 274 208 2799 337 157 2777
337 300 2799 274 208 2799 337 157 2777
337 299 2799 273 209 2799 337 157 2777
337 300 2777 273 209 2799 336 157 2777
336 299 2799 272 210 2799 336 156 2777
336 301 2777 273 209 2799 337 157 2777
335 299 2799 273 211 2799 335 157 2799
339 299 2799 273 211 2799 333 158 2777
339 299 2799 273 211 2799 333 157 2799
339 300 2799 273 210 2799 335 157 2799
342 299 2777 272 211 2822 333 157 2799
341 301 2799 272 211 2822 333 156 2799
343 301 2777 272 212 2799 332 157 2799
342 300 2777 272 210 2799 331 156 2777
341 299 2777 272 210 2822 330 156 2777
341 300 2777 271 214 2822 330 154 2777
342 299 2777 271 212 2822 330 154 2777
340 298 2799 271 213 2822 330 154 2777
340 298 2799 269 213 2822 330 154 2777
341 298 2777 269 215 2799 329 154 2799
340 298 2799 269 215 2799 329 153 2777
341 297 2777 268 215 2822 327 153 2777
343 295 2777 268 215 2822 327 154 2777
345 297 2777 267 215 2799 327 152 2777
341 294 2777 267 215 2822 327 153 2777
340 294 2799 267 215 2822 325 152 2799
344 295 2777 267 215 2822 324 152 2799
344 294 2777 267 215 2822 325 152 2799
345 294 2799 267 215 2822 324 153 2799
343 293 2799 267 216 2822 323 152 2799
343 294 2799 267 216 2822 323 153 2799
342 293 2799 267 215 2822 322 151 2799
344 293 2799 266 215 2799 323 151 2799
346 293 2799 266 215 2799 323 151 2799
345 292 2799 266 216 2799 322 152 2799
344 293 2799 266 215 2799 321 151 2799
349 293 2799 266 216 2799 319 151 2799
346 291 2777 265 216 2799 319 150 2799
348 290 1958 265 216 2799 318 150 2799
346 290 2799 265 216 2799 319 150 2799
350 291 2777 265 216 2799 318 150 2799
346 291 2777 265 216 2799 319 149 2799
347 291 2799 265 216 2799 319 149 2822
348 289 1947 265 217 2799 319 150 2799
346 291 2799 265 217 2799 317 150 2799
350 293 2777 265 218 2799 317 150 2799
350 292 2777 265 218 2799 315 150 2799
348 291 2799 265 220 2799 314 152 2799
352 292 2777 265 220 2799 314 152 2799
351 291 2777 265 219 2799 312 152 2799
353 291 2777 266 222 2799 313 152 2799
351 292 2777 265 223 2822 313 153 2799
353 292 2777 265 222 2799 311 152 2799
349 291 2799 265 222 2799 312 152 2799
349 289 1947 265 223 2799 311 152 2799
349 291 2799 264 222 2799 311 152 2799
349 289 1947 265 224 2799 311 152 2799
352 288 1947 266 225 2822 310 152 2799
351 292 2799 265 224 2799 309 152 2799
355 291 2777 264 224 2799 309 153 2799
354 291 2777 263 225 2799 309 154 2799
354 290 2777 262 226 2822 308 155 2799
355 291 2777 262 224 2799 308 155 2799
356 291 2777 262 226 2822 306 156 2799
356 291 2754 262 225 2822 306 156 2799
354 292 2777 261 228 2822 304 156 2799
355 292 2777 262 227 2822 305 156 2799
356 291 2777 263 228 2822 305 156 2799
357 289 1947 262 230 2822 303 156 2799
354 290 2777 262 228 2822 303 156 2799
356 291 2777 262 228 2822 303 157 2799
356 291 2777 262 227 2822 303 157 2799
357 290 1936 262 229 2822 302 157 2799
353 289 1958 262 229 2822 303 157 2799
356 290 2754 262 229 2822 300 157 2799
358 288 1947 262 230 2799 300 157 2799
356 288 1947 262 232 2822 299 157 2799
356 288 1947 261 232 2799 299 157 2799
356 289 1947 261 232 2799 298 157 2799
356 288 1947 261 231 2799 298 157 2799
356 288 1947 261 234 2799 297 158 2799
361 287 1947 261 235 2799 297 158 2799
360 286 1947 261 235 2799 297 158 2799
362 286 1947 261 233 2799 295 157 2799
361 286 1947 261 236 2799 295 157 2799
361 286 1947 261 236 2799 295 157 2799
360 283 1947 261 236 2799 295 157 2799
359 286 1947 261 236 2799 295 158 2799
361 286 1947 261 236 2799 294 158 2799
357 285 1947 261 237 2799 292 157 2799
363 282 1947 261 237 2799 293 156 2799
360 284 1947 261 237 2799 292 156 2799
360 282 1947 259 237 2799 292 156 2799
359 283 1947 260 238 2799 291 156 2799
360 280 1947 259 238 2799 291 156 2799
365 280 1958 259 237 2799 289 158 2822
364 279 1958 259 238 2799 288 157 2799
364 279 1958 259 238 2799 288 157 2799
365 280 1958 259 237 2799 288 158 2822
366 278 1947 259 238 2799 288 158 2822
366 278 1947 259 238 2799 288 158 2822
368 278 1947 259 238 2822 287 157 2822
366 278 1947 260 239 2777 285 158 2822
367 277 1947 259 239 2799 286 159 2822
365 278 1958 259 239 2799 285 159 2822
366 278 1947 259 240 2777 284 160 2799
368 277 1947 259 239 2777 285 160 2822
368 275 1947 259 241 2777 285 160 2822
367 275 1947 258 242 2799 283 160 2799
367 275 1947 258 242 2799 283 160 2799
369 274 1947 259 240 2799 283 160 2822
367 276 1947 260 242 2799 282 160 2799
368 275 1947 259 243 2799 281 160 2799
366 273 1947 259 246 2799 280 161 2799
368 275 1947 259 247 2822 279 161 2799
370 274 1947 259 246 2799 279 162 2822
368 274 1947 259 247 2822 278 161 2799
369 273 1947 258 247 2777 277 163 2799
368 274 1947 258 248 2822 277 164 2799
368 274 1947 258 248 2822 277 164 2799
369 274 1947 258 248 2777 274 164 2799
369 276 1947 259 249 2777 273 164 2799
371 274 1947 259 249 2822 271 166 2822
371 274 1947 258 250 2845 270 167 2799
371 273 1947 258 252 2822 272 168 2799
370 273 1947 258 253 2822 272 168 2799
372 272 1947 258 253 2822 272 169 2799
372 272 1947 258 254 2822 273 169 2799
373 272 1947 258 254 2799 270 171 2799
373 272 1947 258 254 2799 270 171 2799
374 271 1947 258 254 2799 270 170 2799
373 270 1947 258 254 2822 270 171 2799
371 272 1958 257 254 2799 267 171 2799
370 272 1958 258 255 2822 266 171 2799
371 269 1958 258 255 2799 266 172 2799
371 271 1958 257 254 2822 264 173 2799
371 269 1958 257 255 2822 265 173 2799
371 270 1958 257 256 2822 265 172 2799
372 266 1947 257 254 2799 263 173 2799
371 267 1958 258 255 2822 262 173 2799
372 267 1947 258 255 2822 263 174 2799
371 267 1958 258 257 2822 263 176 2822
372 263 1947 258 258 2822 261 175 2799
372 264 1947 258 259 2822 260 175 2799
370 265 1947 259 261 2845 261 175 2799
372 261 1947 259 261 2822 259 176 2799
372 261 1947 259 260 2822 258 176 2799
370 262 1947 260 262 2822 258 176 2799
260 262 2845 371 257 1947 258 177 2799
374 261 1947 260 261 2845 257 178 2799
260 261 2845 375 258 1947 256 181 2799
261 261 2845 375 257 1947 257 178 2799
261 262 2845 373 257 1947 257 179 2799
261 262 2845 375 259 1947 255 181 2799
261 262 2845 377 256 1947 255 179 2799
261 263 2822 376 258 1947 254 179 2799
261 263 2822 375 257 1947 253 180 2799
262 264 2822 374 257 1947 253 179 2799
261 263 2822 374 255 1947 253 180 2799
261 262 2845 373 257 1947 252 181 2799
263 264 2822 377 254 1947 252 181 2799
264 266 2845 377 254 1947 250 182 2799
262 264 2822 378 255 1947 253 184 2799
266 266 2822 377 254 1947 251 183 2799
266 266 2822 377 254 1947 250 183 2799
268 270 2822 376 256 1947 250 185 2799
262 270 2845 378 252 1947 249 185 2799
264 270 2845 378 252 1947 250 186 2799
264 270 2845 377 254 1947 248 186 2799
265 270 2822 379 251 1947 248 188 2799
265 270 2822 379 251 1947 248 188 2799
265 272 2822 377 254 1947 247 189 2799
266 273 2822 376 254 1947 247 190 2799
265 272 2822 377 253 1947 245 190 2799
265 273 2822 376 254 1947 245 190 2799
264 274 2822 377 251 1958 245 191 2799
263 274 2822 376 254 1947 245 191 2799
264 276 2822 378 252 1947 245 191 2799
264 276 2822 377 251 1958 244 193 2799
273 278 2822 377 250 1969 241 196 2799
265 278 2822 377 248 1947 240 196 2799
271 278 2845 377 249 1958 240 197 2799
266 278 2822 378 249 1958 240 197 2799
265 278 2822 378 248 1947 239 197 2799
268 280 2845 380 248 1947 238 200 2799
265 279 2822 378 246 1947 239 200 2799
267 280 2822 378 246 1947 239 200 2799
267 281 2822 376 251 1023 237 201 2799
268 282 2845 377 249 1023 237 201 2799
267 280 2822 378 245 1947 238 202 2799
267 281 2822 375 247 1023 236 203 2799
269 283 2822 377 241 1947 236 205 2799
269 283 2845 378 239 1947 237 205 2799
271 282 2822 378 240 1947 236 205 2799
270 283 2845 380 242 1947 235 205 2799
271 283 2822 376 243 1958 236 205 2799
270 283 2845 377 240 1947 236 206 2799
271 283 2822 377 239 1947 236 205 2799
272 283 2845 377 240 1947 234 206 2799
273 283 2822 377 239 1947 234 207 2799
273 284 2822 376 238 1958 234 206 2799
273 283 2845 374 240 1947 234 207 2799
274 283 2845 377 236 1958 234 207 2799
274 283 2845 376 237 1958 234 207 2799
273 283 2845 376 235 1958 234 208 2799
273 282 2845 376 233 1958 234 209 2799
275 285 2845 376 232 1958 235 208 2799
275 285 2845 375 235 1958 234 208 2822
276 285 2822 376 234 1958 233 209 2799
275 286 2845 375 233 1958 232 211 2799
275 286 2845 376 233 1958 233 212 2822
275 285 2845 375 232 1958 233 211 2822
275 285 2845 377 232 1958 234 214 2822
275 285 2845 375 232 1958 231 214 2799
275 285 2845 375 229 1958 232 216 2799
277 286 2822 375 233 1958 233 214 2799
277 286 2822 374 233 1958 231 215 2799
278 286 2845 376 230 1958 231 216 2799
277 286 2869 377 229 1958 231 217 2799
277 287 2845 375 226 1969 229 219 2799
277 287 2845 376 226 1969 230 220 2799
279 287 2845 377 224 1980 229 221 2799
278 289 2845 375 227 1958 229 222 2799
278 288 2845 375 225 1969 229 223 2799
279 290 2845 374 229 1958 230 223 2799
281 290 2822 375 228 1958 229 224 2799
281 290 2822 374 227 1958 229 223 2799
279 291 2822 375 227 1958 229 225 2799
280 292 2799 228 226 2799 374 224 1969
281 293 2822 374 226 1958 228 226 2799
281 294 2822 229 229 2799 373 227 1958
282 295 2822 228 228 2799 374 225 1969
282 294 2822 373 229 1947 229 228 2799
284 295 2822 229 230 2799 373 226 1958
282 294 2822 371 232 1023 228 231 2799
282 295 2822 228 232 2799 371 228 1958
282 295 2822 228 234 2799 372 228 1958
283 296 2822 228 234 2799 373 227 1969
283 296 2822 227 234 2799 374 223 1969
283 297 2822 228 233 2799 372 227 1958
283 297 2822 228 235 2799 372 224 1969
286 299 2822 226 235 2799 371 226 1980
283 298 2822 225 236 2799 372 223 1980
285 299 2822 224 238 2822 370 227 1026
287 299 2822 225 237 2799 370 227 1026
285 298 2822 224 239 2822 370 226 1026
285 299 2822 224 240 2822 370 223 1992
285 299 2822 225 240 2822 371 220 1992
287 299 2799 225 240 2822 369 220 1980
287 299 2799 225 241 2822 369 224 1026
288 299 2822 225 243 2799 368 227 1026
288 299 2822 224 241 2822 371 221 1980
288 299 2799 226 242 2799 371 223 1026
288 299 2799 225 242 2822 370 219 1992
290 299 2822 225 243 2799 371 223 1026
288 299 2799 225 243 2799 369 222 1026
288 299 2822 227 243 2799 368 221 1980
289 299 2822 224 244 2799 370 222 1026
289 299 2822 226 243 2799 369 220 1980
289 299 2822 225 244 2799 368 216 1992
289 299 2822 225 245 2799 369 216 1992
289 299 2822 225 247 2777 368 217 1992
291 298 2822 225 246 2799 368 215 1992
294 299 2822 225 246 2799 368 215 1992
293 300 2845 225 246 2799 367 218 1992
294 299 2822 226 246 2777 366 214 1992
294 299 2822 227 245 2799 367 217 1992
294 299 2822 228 246 2799 368 213 1992
293 299 2822 227 247 2799 368 214 1992
293 299 2822 226 249 2799 368 211 2003
295 300 2845 226 250 2777 367 210 2799
295 299 2822 226 250 2777 368 213 1992
295 299 2822 228 249 2799 367 208 2777
296 299 2822 227 250 2799 366 212 1992
298 299 2799 227 250 2799 367 210 2777
296 300 2822 227 252 2799 366 213 1992
294 299 2822 229 252 2799 366 210 2777
296 299 2822 228 253 2822 366 205 2777
298 299 2799 229 253 2822 367 210 2777
301 299 2799 229 253 2799 367 207 2777
302 298 2799 228 254 2822 366 212 2003
299 300 2799 228 255 2799 365 208 2777
300 301 2822 227 255 2822 365 211 2777
300 301 2822 228 258 2822 366 210 2777
299 301 2799 228 258 2799 366 208 2777
300 301 2822 228 259 2822 366 208 2777
301 301 2799 228 259 2799 365 207 2777
303 303 2799 228 260 2799 364 207 2777
301 303 2822 229 260 2799 365 206 2777
303 303 2799 230 261 2799 365 208 2777
304 304 2845 230 262 2799 364 206 2777
304 304 2822 229 263 2799 363 207 2777
303 306 2845 228 263 2822 363 208 2777
302 306 2799 227 265 2822 363 206 2777
305 306 2845 229 271 2799 360 204 2777
307 307 2845 230 274 2799 358 207 1023
308 307 2845 230 277 2799 357 207 1030
308 307 2845 231 277 2799 355 201 2777
313 307 2822 232 279 2822 356 199 2777
313 307 2822 232 279 2822 356 199 2777
317 303 2845 232 281 2799 355 199 2799
317 302 2822 233 280 2822 355 199 2777
318 303 2845 235 283 2799 353 194 2845
319 304 2845 236 282 2799 353 196 2822
320 302 2822 236 283 2799 353 194 2822
320 301 2845 236 283 2799 353 194 2822
317 305 2845 236 284 2799 352 196 2822
317 305 2845 236 284 2799 354 196 2799
317 305 2845 236 284 2799 354 196 2799
319 303 2845 236 284 2799 353 195 2822
317 305 2845 237 286 2799 353 195 2777
319 304 2845 238 289 2822 350 193 2777
319 304 2845 239 288 2822 350 193 2777
263 317 2799 349 297 2777 326 184 2754
266 316 2822 349 295 2777 324 184 2822
265 320 2822 349 296 2777 323 184 2799
269 319 2822 349 296 2777 324 184 2869
269 319 2822 350 295 2777 322 186 2799
268 322 2799 350 295 2777 322 186 2777
269 323 2799 350 296 2777 320 186 2754
270 324 2799 350 296 2777 320 185 2777
271 323 2822 351 296 2777 319 185 2777
271 326 2799 349 298 2777 318 186 2799
273 326 2822 350 298 2777 319 187 2777
274 331 2822 354 297 2777 314 189 988
285 332 2822 360 292 2777 310 189 985
287 332 2822 361 290 1947 308 187 2845
288 334 2822 362 290 1947 307 187 2845
288 334 2822 364 291 2777 307 187 2822
288 334 2822 362 290 1947 308 187 2822
289 333 2822 362 289 1947 308 187 2822
288 333 2822 361 291 2777 307 186 2822
290 334 2799 362 290 1947 308 187 2799
289 333 2799 363 289 1958 308 188 2822
291 333 2845 363 289 1958 306 187 2799
295 333 2822 364 287 1947 305 186 2799
295 333 2799 366 284 1947 307 188 2845
296 334 2822 366 284 1958 305 187 2822
296 334 2822 367 285 1947 305 187 2822
297 334 2822 367 282 1947 302 187 2799
297 334 2822 367 282 1947 302 187 2799
298 335 2822 367 285 1947 303 188 2799
298 335 2822 368 285 1947 301 188 2822
297 335 2822 368 283 1947 305 189 2845
299 336 2822 368 284 1947 300 188 2799
299 336 2799 368 284 1947 302 188 2799
299 336 2799 368 284 1947 302 188 2799
300 337 2845 368 284 1947 300 187 2799
302 337 2845 368 283 1947 299 189 2799
303 337 2799 368 283 1947 298 189 994
302 337 2822 367 284 1947 299 190 994
302 335 2845 366 279 1947 299 189 2799
303 340 2822 367 284 1947 301 190 2799
303 339 2822 367 284 1947 301 192 2799
302 340 2822 367 283 1947 297 190 994
302 340 2822 367 285 1947 300 192 991
303 340 2822 367 285 1947 301 193 994
303 340 2822 368 283 1947 298 192 994
303 340 2799 369 282 1947 299 193 991
304 340 2822 368 284 1947 298 194 994
304 341 2822 368 282 1947 295 193 991
306 342 2822 368 284 1947 296 194 991
306 341 2822 369 283 1947 297 194 991
306 341 2822 368 285 1947 296 195 994
307 342 2822 369 282 1947 296 194 994
308 343 2799 369 281 1947 296 195 994
308 342 2822 369 282 1947 297 196 994
309 343 2822 369 280 1947 295 195 994
309 343 2822 369 280 1947 297 195 991
310 342 2845 369 279 1947 293 194 994
312 343 2822 370 280 1947 296 196 991
311 342 2822 370 281 1947 292 195 994
312 342 2845 370 281 1947 295 195 991
312 342 2845 370 281 1947 295 195 991
312 342 2845 370 280 1947 292 194 991
312 341 2845 369 277 1947 296 196 994
314 341 2845 370 280 1947 291 195 994
314 342 2845 371 279 1947 294 195 994
314 342 2845 371 279 1947 294 195 994
315 341 2845 370 278 1947 292 194 991
317 341 2822 371 280 1947 290 195 991
316 341 2845 373 278 1947 293 195 991
316 340 2822 373 277 1947 295 196 994
317 340 2822 372 276 1947 291 194 991
317 340 2822 373 277 1947 294 194 985
319 340 2822 376 276 1947 296 194 2777
319 338 2822 374 273 1947 294 194 2799
319 339 2822 375 275 1947 291 193 2799
320 338 2822 375 271 1947 293 193 2777
321 338 2822 374 271 1947 294 194 2754
321 337 2822 375 272 1947 294 194 2799
322 337 2822 376 269 1947 290 194 2799
325 337 2822 376 270 1947 291 194 2799
326 337 2822 377 269 1947 288 194 2799
326 337 2822 377 269 1947 288 194 2799
326 337 2822 376 270 1947 288 194 2799
326 336 2822 376 269 1947 291 196 2799
327 337 2822 377 268 1947 288 195 2799
327 337 2822 377 267 1947 288 197 991
327 338 2822 377 269 1947 285 195 985
327 338 2822 377 269 1947 285 195 985
327 339 2822 377 268 1947 286 196 988
327 340 2845 376 269 1947 286 196 988
327 339 2822 376 268 1947 286 196 991
328 338 2822 376 267 1947 288 197 991
328 339 2822 377 267 1947 285 198 988
329 338 2822 376 267 1947 282 198 2799
329 339 2822 376 267 1947 287 199 988
329 339 2822 376 267 1947 287 199 988
330 340 2845 376 270 1947 285 201 991
330 340 2822 376 268 1947 284 200 991
330 340 2822 376 268 1947 284 200 991
330 340 2822 376 268 1947 284 200 991
330 340 2822 376 267 1947 285 200 991
330 340 2845 375 269 1947 284 201 991
332 340 2799 376 268 1947 284 201 991
331 341 2822 376 267 1947 283 202 994
334 340 2822 376 266 1947 284 203 994
333 339 2799 377 267 1947 285 202 991
334 339 2822 377 267 1947 283 202 994
335 339 2822 376 266 1947 281 202 2822
336 339 2822 377 269 1947 281 202 2822
336 338 2799 375 262 1947 281 202 2822
337 338 2799 377 267 1947 283 202 991
338 339 2822 378 266 1947 282 202 994
338 339 2822 378 263 1947 281 202 2799
338 339 2822 378 263 1947 285 202 991
338 339 2822 378 263 1947 285 202 991
338 339 2822 378 265 1947 284 203 994
339 339 2822 378 263 1947 279 202 2799
340 338 2822 378 263 1947 281 203 2799
341 338 2799 378 261 1947 280 203 991
341 337 2799 378 262 1947 280 202 2799
341 337 2799 378 262 1947 280 202 2799
342 334 2799 378 260 1947 280 202 2799
343 336 2799 379 260 1947 282 202 2799
343 336 2799 379 260 1947 282 202 2799
344 336 2799 379 259 1947 281 202 2799
343 335 2799 378 259 1947 280 202 2799
343 335 2799 378 259 1947 280 202 2799
344 335 2799 379 261 1947 280 202 2822
343 334 2799 379 257 1947 280 203 2822
343 334 2799 379 257 1947 280 203 2822
342 332 2799 377 255 1947 279 203 2799
342 333 2799 378 256 1947 276 202 2822
344 332 2799 377 254 1947 277 203 2799
344 331 2799 379 257 1947 281 201 2822
344 333 2799 378 254 1947 277 203 2799
347 333 2799 378 254 1947 279 204 2799
345 332 2799 378 255 1947 281 204 2799
345 332 2799 378 255 1947 281 204 2799
346 333 2799 377 254 1947 278 205 2799
346 332 2799 378 254 1947 275 206 2799
346 332 2799 379 257 1947 281 203 2799
347 332 2799 379 256 1947 280 203 2822
348 335 2799 377 254 1947 277 204 2822
349 334 2799 379 257 1947 276 206 2799
349 335 2799 379 257 1947 276 204 2822
349 335 2777 379 258 1947 278 205 2799
349 335 2799 375 253 1947 277 206 2822
349 335 2799 379 255 1947 278 206 2822
349 335 2799 377 255 1947 277 207 2822
349 335 2799 379 257 1947 280 206 994
349 336 2799 378 258 1947 277 207 2822
350 335 2799 379 258 1947 277 207 2822
349 336 2799 379 259 1947 276 208 2822
350 336 2799 378 257 1936 276 209 2822
350 337 2799 379 259 1947 275 210 2822
349 336 2799 379 256 1947 279 211 997
351 335 2777 378 256 1936 276 211 2845
350 336 2777 378 254 1947 274 211 2822
350 336 2799 378 256 1947 275 211 2822
351 337 2799 380 258 1947 277 211 1003
352 336 2799 378 255 1947 275 211 2869
352 337 2799 379 257 1947 275 211 2822
352 337 2799 379 254 1947 277 211 2869
353 335 2777 380 254 1947 274 212 2869
351 336 2777 377 253 1958 271 213 2845
351 336 2799 380 256 1947 276 211 2869
353 336 2777 378 254 1947 275 211 2869
353 336 2777 378 253 1947 274 212 2822
352 335 2777 377 253 1958 274 212 2869
354 335 2777 376 251 1947 275 211 2845
354 335 2777 377 250 1947 276 211 2845
355 335 2777 376 253 1958 274 212 2845
355 335 2799 378 251 1947 274 212 2822
355 335 2777 378 252 1947 271 213 2845
355 333 2777 380 253 1947 275 212 2822
356 331 2777 379 253 1947 274 211 2799
357 331 2777 381 254 1947 275 211 2799
359 331 2799 381 252 1947 274 211 2822
358 331 2799 381 251 1947 276 211 2799
358 331 2777 380 251 1947 276 211 2822
359 330 2777 381 252 1947 274 211 2822
359 331 2777 382 251 1947 276 212 2799
359 331 2777 382 249 1947 272 211 2822
359 330 2777 383 246 1947 275 211 2799
359 329 2799 381 248 1947 275 211 2822
359 329 2799 382 245 1947 278 211 2822
360 329 2799 382 245 1947 276 212 2799
359 328 2799 380 248 1947 274 211 2799
359 328 2799 381 245 1947 276 211 2822
360 328 2799 381 245 1947 276 211 2799
360 327 2799 380 245 1947 274 211 2822
360 327 2799 377 242 1947 275 210 2799
360 327 2799 381 247 1947 275 210 2822
359 327 2777 382 244 1936 276 211 2822
360 326 2777 381 245 1947 278 211 2822
361 326 2777 381 244 1936 273 211 2799
360 326 2799 381 245 1936 273 211 2799
360 326 2777 381 245 1947 273 210 2822
360 326 2777 382 244 1947 273 212 2822
360 326 2777 380 244 1947 273 211 2822
360 326 2777 380 245 1936 273 212 2822
360 326 2799 381 244 1947 272 211 2799
360 326 2777 380 247 1947 273 212 2799
361 327 2777 379 246 1947 274 211 2799
360 326 2777 380 247 1947 275 212 2822
360 326 2799 380 246 1947 273 212 2799
361 327 2799 380 244 1936 269 215 2822
361 327 2799 381 249 1947 272 214 2822
361 327 2777 381 248 1947 275 213 2822
360 328 2799 377 245 1947 272 216 2799
361 328 2777 380 247 1947 271 214 2822
360 329 2799 381 245 1936 274 214 2822
361 329 2777 381 246 1936 271 215 2799
360 329 2777 381 245 1947 270 217 2822
360 329 2799 382 241 1936 270 216 2822
361 329 2777 379 247 1947 272 215 2799
361 330 2777 382 249 1947 272 216 2799
361 330 2777 380 246 1936 274 216 2799
362 330 2799 380 245 1936 276 215 997
362 330 2799 380 245 1936 274 215 2799
362 330 2799 381 248 1947 271 215 2799
361 329 2777 381 249 1947 274 215 2799
362 329 2777 381 247 1936 273 217 1003
362 330 2777 379 245 1947 271 218 2799
363 329 2799 380 247 1947 272 218 1000
362 328 2799 381 245 1936 270 218 2799
364 330 2799 380 244 1936 271 219 1003
365 329 2799 381 246 1936 272 219 1000
364 329 2777 381 245 1947 270 218 2799
365 328 2799 381 244 1936 271 218 2799
365 328 2799 381 248 1936 274 218 2799
366 327 2822 381 247 1936 274 218 2799
365 328 2799 381 247 1936 269 219 2799
365 328 2799 380 244 1936 271 218 2799
364 327 2777 378 244 1947 269 217 2822
365 327 2799 380 244 1947 271 217 2822
367 327 2822 377 243 1947 271 217 2822
365 327 2799 381 246 1936 269 216 2822
366 327 2822 381 244 1936 269 217 2799
366 327 2822 378 240 1947 269 216 2799
367 327 2822 378 241 1947 268 217 2822
368 325 2799 377 238 1958 271 217 2822
369 325 2799 378 238 1958 270 217 2822
369 325 2799 381 239 1947 269 218 2799
369 325 2799 387 240 2799 269 216 2822
371 324 2822 382 240 1947 272 215 2799
371 324 2822 383 239 1936 271 215 2799
371 323 2822 382 239 1936 270 216 2822
371 322 2822 382 238 1947 270 215 2822
371 323 2822 383 238 1947 270 215 2822
371 323 2822 383 238 1947 270 216 2822
372 323 2822 383 238 1947 269 216 2822
372 323 2822 383 238 1947 269 217 2822
372 323 2822 383 237 1947 270 217 2822
372 323 2822 383 238 1947 270 217 2822
373 323 2799 383 238 1947 272 217 2822
373 323 2822 383 237 1947 269 217 2822
373 323 2799 382 237 1947 270 217 2822
373 324 2799 381 237 1947 270 217 2822
373 323 2799 381 238 1947 269 218 2822
373 324 2799 380 238 1947 268 219 2822
372 324 2822 380 238 1947 268 218 2799
373 324 2799 380 238 1947 270 218 2822
373 323 2822 380 239 1947 269 219 2799
371 323 2822 379 240 1947 267 220 2822
372 324 2822 380 239 1947 271 219 2799
371 324 2822 377 237 1958 267 219 2822
372 324 2822 380 238 1947 266 220 2822
371 324 2822 379 240 1947 270 219 2822
372 324 2822 378 239 1947 267 220 2822
371 324 2822 379 239 1947 267 222 2822
372 324 2822 378 239 1947 267 222 2822
371 324 2822 377 239 1947 268 221 2822
371 324 2822 379 240 1947 267 222 2845
371 324 2822 378 240 1947 267 223 2822
371 325 2822 377 240 1947 266 223 2845
371 325 2822 379 241 1947 266 224 2822
371 325 2822 376 239 1947 268 223 2799
372 326 2822 377 239 1958 266 224 2845
373 325 2799 379 240 1947 266 225 2845
374 324 2799 378 240 1947 268 224 2822
374 325 2799 378 239 1958 267 224 2845
374 325 2799 378 240 1947 267 223 2845
373 325 2822 378 239 1958 268 222 2822
374 325 2799 380 239 1947 268 223 2822
374 325 2799 377 238 1958 267 222 2822
374 324 2799 380 239 1947 269 223 2799
374 325 2799 380 239 1947 267 224 2822
373 324 2822 380 239 1947 269 222 2799
375 323 2799 381 238 1947 268 223 2822
375 323 2799 380 238 1947 266 225 2799
375 323 2799 377 236 1958 268 224 2822
375 323 2799 382 237 1947 268 222 2822
375 321 2799 382 238 1947 270 221 2822
375 321 2799 380 237 1947 269 222 2799
376 321 2799 383 238 1947 268 222 2822
377 321 2799 382 239 1947 268 222 2822
376 321 2799 383 238 1947 269 220 2822
376 321 2799 376 236 1958 268 221 2822
377 320 2799 380 236 1947 268 221 2822
376 318 2799 379 236 1958 268 220 2822
377 320 2799 379 235 1958 267 222 2822
377 320 2799 379 235 1958 267 222 2822
376 318 2799 383 236 1947 268 220 2822
376 318 2777 383 235 1947 268 220 2822
377 318 2799 383 235 1958 268 220 2822
379 318 2777 381 235 1958 269 220 2799
379 318 2777 381 235 1958 269 220 2799
378 318 2799 380 234 1958 269 218 2799
378 318 2777 380 235 1958 268 222 2822
381 316 2777 378 229 1958 270 219 2799
379 318 2777 380 231 1947 269 221 2799
380 316 2799 379 230 1958 268 220 2822
381 316 2799 378 230 1958 268 220 2822
381 316 2799 379 231 1947 266 222 2799
380 317 2777 379 231 1958 267 220 2822
380 317 2777 379 232 1958 266 222 2822
380 316 2777 379 234 1958 266 222 2799
380 317 2777 379 234 1958 267 221 2799
379 317 2777 378 232 1958 267 222 2799
378 316 2777 378 232 1958 268 222 2822
378 317 2777 378 231 1958 267 222 2799
379 317 2777 380 233 1947 268 222 2822
379 317 2777 376 232 1958 265 223 2799
380 318 2799 376 234 1958 268 223 2799
379 319 2777 372 232 1947 266 224 2822
378 319 2799 370 231 1958 266 224 2799
379 317 2777 375 237 1947 265 226 2799
378 319 2799 376 234 1958 266 226 2822
378 319 2777 376 233 1958 265 226 2799
378 319 2799 376 234 1958 266 225 2799
378 320 2799 374 233 1958 266 226 2799
378 320 2799 378 235 1958 266 226 2822
381 317 2799 379 234 1958 265 227 2777
381 317 2799 376 234 1947 265 227 2799
382 317 2777 368 231 1958 264 228 2799
381 317 2777 375 233 1958 265 227 2845
382 316 2799 376 232 1958 265 226 2799
381 316 2799 376 233 1958 265 228 2799
382 315 2799 377 232 1958 265 228 2822
382 315 2799 378 231 1958 265 227 2822
383 315 2799 374 231 1958 265 228 2845
383 314 2799 377 230 1958 266 227 2822
382 314 2777 380 229 1958 265 228 2845
385 314 2799 379 227 1969 265 225 2822
385 314 2799 381 231 1947 268 224 2822
384 314 2799 381 230 1958 268 224 2822
385 313 2799 380 231 1947 267 227 2799
384 313 2799 381 227 1969 267 224 2799
384 313 2799 379 226 1969 267 224 2799
384 313 2777 267 228 2822 380 225 1969
384 311 2799 380 225 1969 267 224 2822
384 311 2799 380 228 1969 268 225 2822
386 312 2799 267 226 2799 380 225 1969
386 310 2799 379 225 1969 268 224 2822
384 310 2799 379 226 1980 268 224 2822
384 311 2799 379 225 1980 269 225 2799
384 309 2799 380 226 1969 267 224 2799
385 310 2799 380 226 1969 267 224 2822
385 309 2799 267 227 2822 379 225 1969
385 310 2799 379 225 1969 268 224 2822
385 309 2799 380 227 1969 268 225 2822
385 309 2799 268 225 2822 378 224 1969
385 309 2799 268 225 2822 378 224 1980
386 308 2799 379 225 1980 268 224 2822
386 308 2799 378 224 1969 267 224 2799
386 308 2799 266 226 2822 379 225 1969
385 309 2799 265 227 2822 380 225 1969
385 309 2799 265 227 2822 379 225 1969
386 308 2799 265 227 2822 379 225 1969
385 309 2799 265 228 2845 378 225 1969
386 309 2799 264 228 2799 378 225 1969
385 309 2799 264 229 2822 378 225 1969
385 309 2799 265 228 2845 378 225 1969
386 309 2799 264 229 2822 378 225 1969
385 310 2799 264 229 2822 378 225 1969
386 309 2799 264 229 2822 377 225 1969
385 310 2799 265 230 2822 377 225 1969
385 310 2799 264 230 2822 376 224 1980
385 310 2799 264 230 2822 377 225 1969
384 310 2799 264 232 2799 376 225 1969
390 307 2799 261 235 2822 374 222 1969
390 306 2799 261 234 2799 375 222 1980
390 305 2822 262 232 2822 375 222 1980
390 303 2799 261 235 2845 375 221 1980
390 302 2799 262 235 2799 379 222 1969
390 302 2799 261 236 2822 376 221 1980
390 302 2799 261 233 2799 375 220 1980
390 302 2799 262 234 2799 375 220 1980
392 302 2777 263 232 2822 376 220 1980
393 301 2777 261 236 2799 375 220 1980
393 301 2777 262 235 2799 375 220 1980
393 302 2777 261 234 2799 375 220 1980
392 302 2777 261 236 2799 376 220 1980
392 300 2777 263 232 2822 375 219 1980
393 301 2777 262 235 2799 376 219 1980
393 301 2777 262 234 2799 377 221 1980
393 301 2777 261 235 2799 375 219 1980
393 300 2777 260 235 2777 375 219 1980
393 300 2777 260 236 2799 372 221 1980
392 300 2777 260 237 2777 372 220 1980
393 300 2777 262 235 2777 375 220 1980
399 294 2733 264 238 2822 374 215 1980
403 288 2733 264 244 2799 369 209 2799
403 288 2733 264 244 2799 369 209 2799
401 286 2733 261 246 2799 369 207 2799
402 286 2754 261 245 2799 369 207 2799
403 285 2754 264 245 2845 370 207 2799
403 285 2754 264 245 2845 370 207 2799
404 285 2754 263 245 2822 369 206 2799
407 276 2777 264 248 2845 365 203 2777
406 275 2733 265 250 2799 366 202 2777
406 274 2733 260 256 2799 360 202 2777
406 274 2733 260 256 2799 360 202 2777
405 275 2733 261 256 2822 360 202 2777
405 274 2733 260 258 2777 362 201 2777
405 273 2733 260 259 2799 360 202 2777
407 274 2733 261 258 2822 361 203 2777
406 273 2733 260 257 2799 361 202 2777
405 273 2733 261 257 2822 361 203 2777
405 273 2733 263 254 2777 361 203 2777
405 272 2733 263 255 2777 360 203 2777
265 263 2754 411 262 2777 361 198 2777
411 264 2754 262 264 2822 359 200 2777
410 267 2754 263 263 2845 360 200 2777
410 267 2754 263 263 2845 360 200 2777
410 266 2754 262 264 2822 359 201 2777
410 266 2754 262 264 2799 359 200 2777
409 267 2733 261 264 2822 361 201 2777
410 267 2754 261 264 2799 360 201 2777
411 264 2754 264 261 2822 362 198 2777
410 264 2754 263 261 2869 358 197 2777
410 267 2754 264 256 2845 361 201 2777
411 264 2754 263 260 2777 363 199 2799
410 268 2754 263 257 2777 361 201 2777
410 268 2754 263 257 2777 361 201 2777
406 270 2733 260 258 2822 360 203 2777
407 271 2711 261 261 2845 360 201 2777
408 271 2733 262 259 2869 360 201 2777
408 272 2711 263 258 2799 362 204 2777
407 269 2711 262 259 2799 361 201 2777
407 266 2754 261 257 2822 363 201 2777
407 268 2711 261 258 2777 362 202 2777
408 268 2733 261 259 2777 361 201 2777
406 268 2733 261 259 2799 361 201 2777
408 270 2733 261 257 2799 360 201 2777
407 271 2733 261 258 2822 360 200 2777
407 271 2733 261 258 2822 360 201 2777
406 270 2733 261 256 2822 361 202 2777
406 270 2733 261 256 2822 361 202 2777
405 273 2733 262 257 2799 361 203 2777
405 273 2733 261 258 2822 361 203 2777
407 268 2733 261 257 2799 360 201 2777
409 268 2733 262 259 2799 361 200 2777
406 270 2733 261 261 2799 360 201 2777
406 270 2733 260 261 2845 361 203 2799
411 262 2777 263 262 2777 360 197 2777
410 265 2754 262 264 2799 361 201 2777
410 265 2754 261 264 2799 360 199 2777
263 263 2799 412 260 2777 359 199 2777
263 263 2822 412 262 2777 358 198 2777
264 264 2799 411 261 2777 358 198 2777
264 264 2799 412 261 2777 356 198 2777
264 263 2822 412 262 2777 357 198 2777
263 263 2822 412 257 2799 358 196 2777
264 262 2777 411 258 2799 359 197 2777
263 264 2799 410 260 2777 356 197 2777
263 264 2822 410 260 2777 355 196 2777
263 264 2822 410 260 2777 355 196 2777
263 263 2822 412 261 2777 359 199 2777
263 265 2799 412 261 2777 357 198 2777
263 264 2822 412 261 2777 358 198 2777
264 263 2822 412 259 2777 359 195 2777
264 262 2799 413 258 2777 358 196 2799
264 264 2799 412 258 2777 356 196 2777
263 264 2799 413 258 2777 359 197 2777
265 264 2799 411 257 2777 359 197 2777
264 264 2799 411 259 2777 358 196 2777
263 264 2799 410 259 2777 354 196 2777
264 263 2799 411 260 2777 357 196 2777
264 264 2799 411 259 2777 358 198 2777
264 264 2799 411 259 2777 358 198 2777
264 263 2822 411 259 2777 358 196 2799
265 263 2845 412 259 2777 358 196 2799
264 262 2799 411 260 2777 357 197 2777
412 262 2777 264 262 2799 359 198 2777
412 261 2777 264 261 2799 356 196 2777
412 261 2777 264 261 2822 358 198 2799
263 263 2822 412 261 2777 358 199 2777
262 264 2799 411 263 2777 356 198 2777
410 265 2754 261 265 2845 357 200 2777
412 263 2777 263 262 2799 361 197 2799
412 263 2777 264 261 2845 360 197 2777
409 264 2777 263 262 2822 360 197 2777
409 264 2754 264 262 2845 359 197 2777
410 264 2754 264 262 2799 358 198 2777
411 264 2777 262 263 2799 359 199 2777
410 266 2754 263 261 2799 358 199 2777
409 262 2754 263 260 2777 359 199 2777
410 264 2754 262 262 2799 359 198 2777
410 265 2754 264 260 2777 358 199 2777
410 266 2754 262 263 2799 359 199 2777
410 266 2754 264 260 2799 359 200 2777
410 266 2754 264 260 2822 359 200 2777
410 267 2754 262 263 2799 360 201 2777
433 304 2777 260 260 2822 360 201 2777
429 307 2799 256 256 2822 355 205 2799
423 309 2799 249 254 2799 353 206 2799
385 290 2733 243 250 2822 352 212 1980
377 294 2754 241 244 2822 349 215 1980
363 305 2777 232 237 2822 347 224 1052
356 308 2777 232 228 2822 346 226 1055
348 312 2799 344 232 1036 228 227 2799
339 316 2799 344 240 1030 226 225 2799
332 318 2777 339 241 1033 224 217 2799
325 324 2822 338 245 1947 221 215 2799
315 326 2822 338 246 1936 220 211 2799
308 331 2822 335 254 1947 223 208 2799
301 332 2799 335 256 1947 225 203 2822
295 334 2822 334 260 1947 229 200 2799
288 335 2822 331 263 1947 226 197 2799
283 335 2822 330 266 1947 232 195 2799
275 336 2799 328 276 1947 242 192 2799
272 338 2799 328 280 1947 249 190 2799
269 338 2799 328 281 1947 253 188 2822
265 336 2822 329 285 1947 259 186 2822
263 337 2799 328 285 1947 268 186 2799
258 333 2799 328 289 1947 274 185 2799
255 331 2822 327 292 2777 281 186 2799
253 326 2799 330 292 2754 290 185 2799
249 322 2799 332 293 1113 308 187 1003
247 317 2799 332 297 2799 316 187 991
248 312 2799 332 300 2777 323 189 985
247 308 2799 334 301 2777 331 191 983
335 301 2799 250 292 2822 357 197 1011
337 301 2799 253 285 2822 367 201 1023
337 301 2799 254 281 2777 372 199 1023
336 301 2799 255 276 1123 375 200 2777
336 301 2799 260 262 1098 395 210 2799
334 301 2777 262 254 1091 401 208 2777
330 301 2799 266 248 1078 404 209 2777
330 300 2777 269 243 1068 412 219 2777
327 297 2799 270 237 1061 416 221 2777
327 295 2777 272 231 1052 419 223 2799
323 293 2822 277 228 1045 423 227 2799
321 291 2822 425 228 2777 278 222 1039
319 290 1969 428 237 2777 280 217 1036
319 287 1958 428 235 2799 284 215 1030
307 275 1947 431 249 2799 289 202 2799
305 274 1958 428 250 2799 291 196 2777
302 272 1958 425 256 2799 290 189 2777
296 269 1958 421 259 2799 290 187 2777
293 267 1958 417 264 2777 295 183 2777
413 267 2777 290 263 1947 295 176 2777
411 269 2777 287 257 2754 296 174 2777
407 271 2777 284 254 2799 298 172 2799
375 284 1958 271 240 2777 299 160 2777
373 288 1958 268 237 2822 299 159 2777
365 287 1958 266 233 2777 301 157 2777
354 291 2799 262 230 2799 304 157 2777
338 293 1014 256 222 2777 309 156 2799
330 295 1014 254 220 2777 312 157 2799
323 296 2822 251 215 2777 316 158 2777
305 297 2777 247 207 2777 320 162 2777
298 299 2777 247 206 2777 325 164 2777
286 298 2799 248 197 2777 328 168 2777
277 297 2799 248 196 2777 331 170 2777
273 302 2777 251 193 2777 334 173 2777
262 297 2777 255 188 2799 338 176 2777
259 297 2777 257 186 2777 338 181 2777
253 297 2777 258 184 2799 344 183 2777
251 296 2777 348 190 2799 264 182 2799
246 295 2799 352 195 2799 270 180 2777
244 296 2799 357 199 2799 272 179 2777
242 294 2799 359 202 2799 278 180 2777
236 289 2799 369 216 1071 297 180 2777
235 281 2777 373 219 1068 300 179 2777
235 281 2777 377 225 1071 310 184 2799
239 275 2777 388 240 2822 330 187 2799
243 267 2799 388 244 2799 339 191 2777
246 264 2799 388 251 2799 345 193 2799
250 259 2799 398 255 2799 348 195 2799
400 263 2777 253 258 2799 358 197 2799
401 271 2754 259 254 2777 363 200 2799
407 284 2777 265 247 2799 375 207 2799
408 290 2777 270 244 997 378 210 1992
411 302 2822 281 238 1026 390 219 2799
410 313 2822 293 229 1052 401 227 2799
408 316 2799 406 233 2822 299 226 1061
405 321 2799 410 240 2799 304 223 1958
402 324 2822 395 236 2822 307 220 1958
398 331 2845 413 244 2822 317 216 1958
388 337 2845 409 249 2822 327 209 2777
383 340 2822 422 262 2777 330 207 2777
377 343 2845 422 269 2777 330 203 2799
370 343 2799 421 270 2777 335 200 2777
364 343 2822 421 279 2777 338 198 2777
356 343 2822 421 283 2777 342 196 2777
352 343 2845 417 287 2777 340 192 2777
346 341 2799 415 290 2799 342 192 2777
339 340 2822 411 293 2777 345 190 2777
331 337 2799 404 297 2799 350 189 2799
324 334 2799 398 299 2777 351 186 2799
318 332 2799 391 303 2822 352 186 2799
309 330 2822 387 304 2822 354 188 2799
301 326 2777 379 309 2799 353 186 2799
292 322 2822 373 306 2799 355 190 2777
283 319 2799 367 305 2777 352 187 2777
274 315 2799 355 312 2777 354 190 2777
340 311 2777 258 305 2799 352 190 1039
332 313 2777 250 301 2799 352 192 1039
319 308 2822 235 291 2822 349 194 2799
307 310 2822 229 285 2822 348 194 2754
300 309 2799 222 279 2799 346 195 1003
293 308 2822 216 273 2799 343 202 1011
285 304 2777 210 268 2799 344 205 1011
275 303 2822 204 260 2799 342 209 1023
264 299 2799 196 246 2799 336 216 1947
256 296 2777 193 237 2799 336 217 1947
245 291 2799 334 223 1947 190 221 2799
237 285 2799 333 228 1947 191 212 2845
237 285 2799 333 228 1947 191 212 2845
236 279 2799 332 241 1091 194 201 2822
227 275 2799 332 240 1091 196 195 2799
226 271 2822 331 247 1936 199 187 2822
222 267 2822 331 248 1936 203 182 2822
220 263 2822 333 251 1947 208 178 2822
328 261 1947 218 258 2822 213 173 2822
330 261 1947 220 255 2822 220 168 2822
333 267 1947 219 244 2799 234 159 2822
333 272 1947 218 240 2799 243 157 2822
333 272 1947 218 240 2799 243 157 2822
336 279 1947 227 230 2799 260 155 2777
336 279 1947 227 230 2799 260 155 2777
336 283 1947 229 228 2799 269 152 2777
340 290 1936 241 220 2799 287 151 2777
340 290 1936 241 220 2799 287 151 2777
342 293 2799 245 218 2822 295 154 2777
342 299 2799 265 207 2777 323 155 2777
348 303 2777 276 206 2777 340 156 2777
344 304 2799 289 202 1078 361 161 2777
344 305 2799 297 199 1078 371 162 2777
344 305 2799 297 199 1078 371 162 2777
345 307 2799 310 198 2777 387 168 2777
346 308 2799 317 197 2777 395 172 2777
347 308 2799 330 196 2777 412 177 2777
343 304 2799 337 194 2777 420 181 2777
341 303 2799 341 195 2777 424 188 2777
342 303 2799 348 193 2777 430 191 2777
338 301 2799 437 197 2777 354 192 2777
337 301 2799 442 204 2777 356 192 2777
334 301 2777 445 208 2777 359 193 2777
334 301 2777 445 208 2777 359 193 2777
327 297 2799 453 220 2777 366 195 2777
327 297 2799 453 220 2777 366 195 2777
322 293 2799 454 226 2754 371 192 2777
312 284 1947 455 241 2777 376 196 2799
307 279 1958 451 247 2799 380 195 2799
302 278 1958 447 249 2777 381 196 2777
296 274 1958 446 256 2777 382 196 2777
292 270 1969 441 259 2799 382 200 2799
286 268 2822 437 264 2799 382 202 2799
430 268 2799 282 266 2845 380 206 2777
430 268 2799 282 266 2845 380 206 2777
422 274 2754 276 261 1011 377 206 2777
411 283 2754 268 255 1003 377 210 1980
391 295 2754 252 243 2777 371 216 1992
382 299 2733 249 238 2777 363 217 1980
378 304 2777 244 235 2799 364 221 1969
369 306 2799 245 228 2799 365 225 1980
361 309 2799 364 228 1969 241 223 2799
355 312 2799 356 231 1068 240 220 2799
349 315 2822 355 233 1061 237 218 2822
333 319 2799 347 239 1045 233 209 2799
326 322 2822 346 242 1039 232 204 2799
318 323 2822 345 244 1036 231 203 2799
311 328 2845 339 253 1947 234 200 2799
304 329 2822 337 250 1958 234 199 2799
299 331 2822 337 252 1958 238 195 2799
291 332 2822 336 258 1958 239 194 2822
284 331 2822 334 261 1958 241 192 2822
282 333 2822 331 264 1958 247 191 2799
275 333 2822 331 268 1958 250 189 2822
272 334 2822 330 272 1958 252 188 2799
267 333 2822 329 273 1958 255 186 2822
264 332 2822 329 279 1958 263 185 2822
264 332 2822 329 281 1958 265 184 2822
260 328 2799 328 282 1958 272 181 2799
256 328 2799 329 284 1958 279 182 2799
255 326 2799 330 289 1947 288 185 2799
252 322 2799 333 294 1102 310 187 997
252 318 2799 333 299 1105 314 185 994
251 315 2777 335 302 2822 321 183 997
254 307 2822 338 304 2822 345 192 1033
336 307 2822 253 303 2822 354 194 1026
339 307 2822 256 300 2799 360 196 2822
340 310 2799 258 297 2799 366 199 2822
341 308 2845 259 294 2799 369 198 2799
342 311 2799 261 287 2822 385 205 2822
341 310 2799 264 270 2845 399 208 2777
340 310 2845 266 264 2822 403 216 2777
337 307 2822 269 259 2845 406 217 2777
333 307 2822 269 256 2822 410 218 2777
334 306 2822 271 251 2822 414 224 2799
332 306 2822 271 245 2822 417 225 2799
327 302 2822 272 240 1068 416 228 2799
324 300 2799 273 236 1064 418 231 2777
323 297 2845 418 235 2777 273 231 1055
320 296 2822 420 235 2799 273 225 1052
315 293 2799 420 242 2799 275 221 1045
313 289 1969 419 244 2799 275 214 1052
303 285 1969 415 250 2799 275 204 2799
296 280 1969 413 256 2799 274 200 2822
292 276 1969 411 252 2799 275 195 2799
286 273 2893 407 258 2799 274 189 2799
388 269 2777 268 258 2822 274 175 2799
380 268 1947 260 253 2822 272 172 2799
372 275 1947 259 250 2822 272 169 2822
371 274 1947 252 242 2799 271 164 2822
357 279 1030 247 237 2799 273 160 2799
340 284 1969 236 227 2822 276 151 2822
331 284 1958 236 223 2822 280 151 2799
324 286 1969 235 220 2822 280 150 2822
320 288 1958 234 217 2822 282 149 2822
314 287 1958 231 212 2799 287 147 2799
308 289 1969 230 210 2799 290 147 2799
303 291 1969 229 207 2799 293 147 2822
296 291 2711 229 205 2822 296 148 2799
294 292 2845 231 203 2799 301 149 2822
289 293 2822 234 198 2822 306 152 2799
283 294 2822 237 198 2822 310 154 2799
285 295 2822 240 193 2822 316 158 2799
279 295 2822 245 190 2799 322 161 2799
275 296 2822 247 189 2822 328 163 2799
277 295 2822 251 186 2799 334 166 2777
272 297 2822 255 185 2822 339 173 2777
271 298 2822 258 185 2822 346 173 2777
267 294 2822 365 188 1088 282 179 2799
267 294 2822 365 188 1088 282 179 2799
268 294 2822 371 191 1088 292 182 2799
270 295 2822 386 200 2799 304 179 2799
271 292 2845 392 203 2777 311 180 2799
272 292 2822 397 208 2799 317 179 2799
274 289 2845 402 213 2777 326 181 2799
276 287 2822 415 222 2777 342 184 2777
276 287 2822 415 222 2777 342 184 2777
282 282 1011 428 237 2799 360 187 2799
282 282 1011 428 237 2799 360 187 2799
288 272 1980 435 250 2777 371 194 2799
291 270 1980 438 256 2777 378 197 2799
292 271 1980 441 260 2799 384 200 2799
443 267 2777 293 267 1969 391 203 2799
444 271 2799 294 266 1969 396 206 2777
443 278 2799 299 259 1958 401 210 2777
443 291 2799 302 256 1958 406 214 2777
443 296 2799 303 252 1958 411 217 2777
439 306 2777 303 247 1958 414 224 2799
439 306 2777 303 247 1958 414 224 2799
427 316 2799 305 240 1105 416 230 2799
425 321 2799 412 235 2777 310 235 1102
414 329 2822 413 239 2799 307 229 1091
408 331 2799 408 241 2777 307 225 1958
408 331 2799 408 241 2777 307 225 1958
399 333 2799 415 250 2799 307 222 1958
392 337 2822 411 251 2799 305 218 1980
377 339 2822 406 259 2777 306 211 1969
352 342 2799 397 269 2754 300 203 1042
342 341 2822 389 269 2754 299 199 1045
335 339 2822 388 273 2690 296 197 2799
314 339 2822 376 281 1947 294 192 1006
307 339 2822 371 281 1947 292 189 1008
291 335 2822 360 285 1085 286 187 2799
284 334 2822 350 289 1081 288 185 2822
254 324 2799 328 293 2822 286 180 2822
254 324 2799 328 293 2822 286 180 2822
246 323 2799 324 292 2799 288 181 2822
233 317 2799 314 295 2799 286 179 2822
223 310 2822 303 294 2845 290 180 2822
216 307 2799 301 295 2822 293 181 2799
213 304 2822 298 298 2799 295 183 2799
208 301 2799 295 297 2822 296 184 2799
205 298 2799 293 295 2845 300 185 2799
288 296 2799 202 292 2822 302 185 2822
286 296 2822 199 288 2799 307 187 2822
286 296 2822 199 288 2799 307 187 2822
285 295 2822 200 281 2799 309 188 2822
282 296 2822 198 271 2799 320 193 2799
279 296 2822 198 269 2799 325 199 2799
279 296 2799 201 263 2799 331 199 2799
281 296 2822 207 248 2822 347 208 1003
281 296 2822 211 246 2822 353 208 997
278 296 2822 213 241 2845 357 216 1992
282 296 2822 218 239 2822 364 215 1992
282 296 2822 218 239 2822 364 215 1992
284 295 2822 228 233 2799 376 219 1980
283 291 2799 383 227 1958 238 225 2799
286 290 2799 391 233 2799 242 222 2799
288 288 2777 394 239 2777 250 218 2799
291 288 1969 403 241 2777 258 211 2799
292 286 1969 406 248 2799 262 208 2799
299 283 1969 412 250 2799 270 206 2799
294 281 1969 415 255 2799 274 202 2822
297 277 1969 416 261 2777 279 200 2822
297 277 1969 416 261 2777 279 200 2822
299 278 1969 416 263 2754 284 198 2822
298 275 1969 420 260 2777 288 195 2799
299 271 1969 417 268 2754 294 188 2799
419 271 2754 301 270 1969 298 186 2799
417 276 2733 299 263 1958 303 182 2822
412 283 2754 300 256 1042 313 174 2799
407 283 2733 298 256 1039 315 171 2799
408 286 2733 296 250 1042 320 170 2822
403 288 2733 296 247 1042 321 167 2799
388 290 2733 294 238 1055 326 164 2799
390 290 2711 290 239 1055 327 161 2777
381 293 2754 287 235 1068 328 161 2799
378 295 2754 286 231 1074 328 160 2777
361 297 2799 280 219 2799 333 157 2799
352 298 2777 275 217 2822 333 156 2799
348 298 2777 273 214 2822 335 156 2799
338 299 2799 270 211 2799 335 156 2799
334 298 2799 268 205 2799 336 157 2777
318 298 1026 262 198 2822 336 157 2777
311 297 2799 260 197 2822 337 157 2777
299 297 2822 258 191 2822 337 159 2777
293 299 2822 258 188 2799 339 160 2777
285 296 2822 258 185 2822 339 161 2777
282 299 2822 258 184 2822 339 163 2799
277 298 2822 259 183 2799 340 167 2777
269 295 2822 262 180 2822 339 170 2777
269 295 2822 262 180 2822 339 170 2777
263 294 2822 265 176 2822 345 175 2777
255 289 2799 351 185 2777 269 176 2799
256 290 2799 355 187 2777 272 176 2777
250 289 2822 358 188 2777 275 176 2799
249 290 2822 360 190 2777 277 178 2799
245 283 2799 371 207 1095 295 178 2799
245 280 2799 377 212 1088 298 179 2799
247 276 2799 379 216 1091 301 180 2799
247 279 2799 384 221 1098 307 184 2822
249 276 2799 392 231 2799 321 185 2799
252 269 2799 393 235 2799 328 186 2777
253 272 2799 398 242 2754 336 189 2777
258 267 2822 402 248 2799 344 192 2777
257 268 2822 406 253 2799 352 195 2777
262 263 2822 409 259 2777 357 197 2777
413 272 2754 264 262 1006 367 201 2777
416 277 2733 272 255 1003 375 206 2777
420 282 2733 274 256 1006 380 210 1969
421 289 2754 278 252 1017 388 214 2822
422 294 2777 280 252 1026 392 214 2799
425 307 2799 290 245 1958 407 226 2799
424 316 2845 295 240 1068 410 231 2799
421 319 2822 299 238 1074 411 234 2777
420 326 2822 416 239 2799 303 233 1078
416 328 2822 423 244 2799 305 232 1081
413 331 2822 423 247 2799 306 228 1081
413 334 2799 422 248 2799 311 225 1958
406 338 2799 424 254 2799 311 224 1958
403 338 2822 421 256 2777 312 219 1958
397 341 2845 421 260 2777 312 220 1958
393 343 2822 421 263 2754 316 216 1969
385 345 2799 418 266 2754 315 212 1969
379 345 2799 416 266 2754 318 210 2799
371 345 2777 411 268 2733 316 209 2799
363 345 2799 409 271 2733 316 207 2799
354 346 2777 405 277 2733 316 204 2799
349 344 2799 401 278 2733 315 201 2799
338 345 2822 396 281 2754 314 200 2799
329 343 2845 391 281 2754 316 199 2845
311 340 2822 380 286 1947 316 195 1033
303 339 2822 373 289 1958 313 189 2799
285 331 2799 362 292 2777 308 188 991
263 324 2799 341 295 1098 307 182 1003
255 322 2799 334 296 1095 309 185 1003
226 307 2799 307 301 2822 307 181 2799
220 304 2799 306 298 2799 306 180 2822
298 298 2822 215 298 2799 307 182 2799
292 301 2822 210 295 2799 307 183 2822
291 296 2822 204 292 2799 308 184 2822
284 300 2822 200 289 2799 307 181 2822
280 297 2822 198 282 2822 315 183 2799
280 294 2822 196 279 2799 311 186 2822
270 298 2822 192 271 2799 316 189 2799
270 298 2822 192 271 2799 316 189 2799
266 298 2822 190 266 2822 321 193 2799
268 298 2822 190 262 2799 322 195 2799
265 298 2822 191 258 2822 326 199 2799
268 296 2845 191 252 2822 329 202 2799
267 294 2845 194 250 2799 334 202 2799
267 292 2845 195 243 2799 337 207 2799
264 291 2799 200 235 2845 345 215 1023
269 291 2822 207 233 2799 349 215 1011
272 288 2845 209 226 2799 354 220 1011
270 289 2845 357 225 1958 213 223 2822
273 287 2845 362 225 1958 219 220 2822
271 285 2845 367 232 1958 223 216 2822
275 286 2845 372 231 1947 231 212 2799
275 284 2845 376 237 1958 234 207 2799
278 283 2869 381 240 1947 239 204 2799
278 280 2869 387 245 2777 245 201 2799
282 280 2039 392 247 2777 254 198 2799
282 277 2845 394 250 2777 257 196 2799
283 275 1969 399 255 2777 265 194 2799
287 275 2003 406 261 2777 275 188 2799
287 275 2003 406 261 2777 275 188 2799
287 271 2845 406 264 2777 281 188 2799
405 270 2754 288 266 2822 286 186 2799
411 269 2733 289 266 2799 293 184 2799
412 275 2733 296 265 1969 297 182 2799
414 275 2711 292 262 1958 302 180 2822
409 290 2754 295 249 1052 322 171 2799
389 299 2754 293 235 1068 335 163 2777
386 299 2754 293 233 1058 338 159 2777
374 300 2777 289 224 1064 339 159 2777
373 299 2777 286 223 1074 341 159 2777
350 300 2777 283 215 2822 345 159 2777
343 298 2777 279 213 2799 345 158 2799
337 297 2799 278 211 2822 346 158 2799
330 297 2799 275 209 2799 347 160 2799
325 299 2822 273 204 2799 347 160 2799
310 296 1017 268 199 2799 346 161 2777
304 296 1030 269 194 2799 346 162 2777
288 296 2799 266 187 2799 348 165 2777
282 296 2822 265 187 2822 346 171 2799
278 295 2822 265 183 2822 348 172 2799
271 292 2845 267 179 2799 348 173 2799
266 293 2822 266 178 2822 349 175 2799
263 289 2799 267 178 2799 352 176 2777
260 289 2822 354 180 2777 270 175 2822
255 289 2822 356 181 2777 271 174 2799
254 289 2822 356 185 2777 274 172 2799
254 292 2822 359 190 2777 279 171 2822
251 290 2822 362 190 2777 284 172 2822
247 287 2822 362 195 2754 287 173 2799
245 282 2799 375 207 1081 297 176 2799
246 280 2799 375 209 1081 307 177 2799
247 279 2799 383 214 1085 306 177 2822
247 280 2799 388 220 1091 315 178 2799
250 276 2822 397 229 2799 323 184 2799
253 270 2799 394 231 2799 330 185 2799
255 271 2799 399 238 2777 332 186 2799
257 272 2799 403 244 2777 339 187 2777
260 265 2822 407 250 2777 348 192 2777
263 265 2845 408 256 2799 355 197 2777
415 265 2777 266 265 1003 363 201 2799
415 272 2754 271 262 991 367 202 2777
419 278 2754 276 257 994 373 206 2799
420 283 2733 280 254 1006 380 212 1980
423 294 2777 286 255 2799 390 218 2777
424 306 2822 289 248 1969 399 223 2799
426 310 2799 292 247 1958 403 227 2799
426 314 2799 298 242 1958 407 230 2799
422 322 2822 300 238 1091 405 232 2799
420 326 2822 418 241 2799 306 235 1088
420 326 2822 418 241 2799 306 235 1088
418 328 2822 420 242 2799 306 234 1085
415 331 2822 418 246 2799 306 232 1085
412 334 2799 422 249 2799 308 229 1085
402 339 2822 422 255 2799 310 222 1958
398 339 2822 419 257 2777 307 221 1958
394 343 2822 418 263 2754 309 218 1969
388 344 2822 416 263 2754 310 216 1969
375 345 2799 412 267 2754 308 211 2845
368 345 2777 408 269 2711 305 209 2822
353 346 2777 401 274 2754 311 203 2822
339 341 2822 393 278 2754 304 198 1042
332 341 2799 388 280 2733 307 196 1039
323 341 2799 383 279 1947 303 193 2799
279 330 2822 352 287 1109 295 184 2799
272 329 2845 348 287 1102 296 184 2799
261 325 2822 338 289 1105 295 183 2799
261 325 2822 338 289 1105 295 183 2799
257 321 2822 334 289 1105 296 183 2799
243 317 2777 324 287 1958 295 179 2799
229 311 2799 315 291 1958 294 176 2799
226 307 2822 308 290 1969 295 178 2799
221 304 2799 304 292 2799 298 180 2799
217 301 2799 299 295 2822 298 180 2799
213 297 2799 298 293 2822 302 182 2822
293 298 2822 208 294 2799 305 183 2822
289 297 2822 206 289 2799 305 181 2822
288 298 2822 201 288 2799 308 181 2822
288 298 2822 201 288 2799 308 181 2822
285 298 2822 200 283 2822 312 184 2799
283 297 2822 200 280 2799 316 187 2799
278 299 2822 200 272 2799 323 189 2799
278 299 2822 200 272 2799 323 189 2799
278 299 2845 200 268 2799 330 191 2799
278 299 2822 200 264 2799 334 194 2777
278 298 2822 207 258 2822 344 203 1014
280 298 2822 209 254 2799 351 206 1003
285 297 2822 213 252 2799 352 208 1006
286 298 2822 214 250 2799 358 208 997
286 298 2822 214 250 2799 358 208 997
287 299 2799 223 242 2822 366 217 1992
289 299 2822 224 241 2822 372 222 1980
289 299 2822 224 241 2822 372 222 1980
292 298 2822 237 233 2822 381 223 1980
294 298 2822 241 230 2799 383 229 1958
295 296 2822 391 232 2822 244 228 2799
296 295 2845 395 238 2777 249 222 2799
298 292 2822 395 242 2754 258 222 1102
300 291 1969 400 243 2777 257 216 2799
300 290 1969 405 246 2799 265 215 2822
301 290 1969 408 249 2799 268 212 2799
301 287 1969 410 253 2799 271 209 2799
302 286 1969 413 255 2799 276 206 1052
301 284 1969 413 257 2777 280 203 2799
301 283 1969 416 259 2777 284 201 2845
302 281 1969 417 264 2754 288 197 2799
298 275 1969 416 267 2754 289 195 2799
297 275 1969 414 269 2754 291 192 2799
413 271 2754 296 271 1969 293 188 2799
415 272 2733 296 269 1969 297 185 2799
409 275 2754 294 266 1969 298 184 2799
410 276 2777 292 262 1958 299 183 2799
409 280 2799 290 262 1980 303 179 2822
403 283 2733 288 257 2777 304 177 2822
405 282 2777 285 254 2799 302 171 2822
397 285 2754 285 251 2822 302 171 2822
391 288 2733 281 245 2822 304 165 2799
387 286 2733 275 242 2822 305 163 2799
379 290 1958 274 238 2799 306 162 2799
377 289 1958 271 237 2799 305 160 2799
372 291 2777 268 230 2822 305 157 2799
356 289 1947 262 226 2799 305 155 2799
355 291 2777 258 225 2799 305 151 2799
339 290 1020 255 217 2799 305 150 2799
335 291 1023 254 213 2799 306 149 2799
324 290 1958 249 209 2799 308 148 2799
318 289 1958 247 206 2799 309 148 2799
313 290 1958 245 206 2799 311 148 2822
305 291 1969 243 200 2799 317 150 2799
299 291 1969 243 196 2799 318 151 2799
299 291 1969 243 196 2799 318 151 2799
288 288 2777 244 192 2799 323 153 2799
288 291 2777 247 189 2845 325 154 2799
283 291 2799 249 187 2822 328 156 2799
281 292 2822 251 186 2799 330 159 2822
277 291 2845 253 184 2799 335 160 2822
272 291 2845 256 182 2799 340 161 2777
270 290 2869 265 177 2822 346 167 2777
268 286 2822 267 178 2799 350 171 2777
268 286 2822 267 178 2799 350 171 2777
265 285 2799 362 177 2799 275 176 2799
265 285 2799 362 177 2799 275 176 2799
269 291 2799 365 181 1091 286 175 2822
269 290 1061 369 184 1088 288 175 2799
273 294 2822 384 193 2777 300 176 2822
276 291 2845 392 201 2799 310 178 2822
276 291 2845 392 201 2799 310 178 2822
275 289 2845 403 208 2777 322 180 2799
277 287 2845 408 213 2777 333 182 2799
285 286 1014 424 226 2777 345 185 1098
285 286 1014 424 226 2777 345 185 1098
290 282 1969 435 241 2799 359 193 2822
293 282 1969 434 245 2799 364 196 2777
295 279 1969 437 248 2777 372 198 2777
296 280 1969 443 256 2777 378 201 2777
298 276 1969 444 262 2777 381 202 2777
298 275 1969 443 268 2777 384 205 2799
300 272 1969 446 270 2777 389 208 2777
444 281 2799 300 270 1969 394 212 2777
444 281 2799 300 270 1969 394 212 2777
444 286 2799 300 268 1969 399 215 2777
443 291 2799 300 264 1958 400 217 2777
443 295 2799 300 262 1958 402 219 2799
439 301 2799 299 260 1958 403 220 2777
437 303 2799 300 254 1969 405 223 2799
435 305 2777 297 256 1969 406 225 2799
426 311 2799 295 247 1969 404 228 2777
422 315 2822 293 245 1969 404 231 2799
413 317 2799 288 238 1042 400 231 2799
407 320 2777 405 237 2777 288 233 1039
401 323 2799 400 233 2799 285 231 1033
394 324 2822 400 236 2799 282 228 1030
389 326 2799 397 245 2754 279 226 1026
368 328 2799 387 245 2777 272 215 1003
361 328 2799 383 249 1947 269 214 2799
354 327 2799 378 250 1947 270 208 2822
347 328 2799 374 249 1947 262 206 2799
328 330 2799 364 253 1078 262 197 2799
328 330 2799 364 253 1078 262 197 2799
321 329 2822 359 257 1074 261 193 2799
314 330 2822 356 257 1068 253 194 2822
309 330 2845 352 258 1068 253 190 2822
291 330 2822 342 261 1947 252 186 2799
285 327 2799 339 264 1947 258 185 2822
281 328 2799 337 266 1947 263 184 2799
276 328 2822 337 268 1947 261 183 2799
271 328 2822 332 271 1947 261 182 2799
266 328 2799 332 270 1947 263 182 2799
263 327 2799 330 270 1947 262 181 2799
263 327 2799 330 270 1947 262 181 2799
260 326 2799 328 274 1947 267 181 2799
257 322 2822 328 276 1947 272 179 2799
251 323 2799 327 281 1947 276 177 2799
251 323 2799 327 281 1947 276 177 2799
251 322 2799 327 281 1947 281 178 2799
248 317 2799 330 290 1105 303 183 2799
249 316 2799 331 294 1102 305 181 2822
249 315 2799 332 293 1102 316 180 2799
249 315 2799 332 293 1102 316 180 2799
255 309 2799 341 302 2799 343 190 2799
257 308 2799 342 304 2799 349 193 1030
341 311 2777 260 306 2799 359 196 2799
341 313 2777 260 303 2799 365 197 2777
343 313 2777 261 300 2799 366 197 2777
343 314 2777 262 299 2799 369 200 2777
347 316 2777 264 295 2822 376 204 2777
347 316 2777 266 293 2822 382 203 2799
345 315 2777 265 292 2822 383 204 2799
346 316 2777 267 288 2822 389 209 2777
343 316 2777 266 285 2822 392 211 2777
343 317 2777 266 283 2822 397 216 2777
342 315 2777 267 279 2845 399 215 2777
342 314 2777 266 275 2845 397 217 2777
340 314 2777 265 272 2845 401 218 2777
339 314 2799 264 267 2822 402 217 2777
335 313 2777 260 265 2822 402 219 2799
329 311 2799 262 262 2845 403 226 2777
321 308 2845 258 248 1095 402 231 2799
313 305 2822 256 243 1091 401 231 2799
311 304 2822 254 239 1095 400 231 2799
309 299 2799 397 235 2799 253 234 1098
303 299 2822 397 233 2799 252 231 1102
294 296 2845 394 237 2799 249 224 2822
291 293 2822 393 237 2799 248 220 2822
285 291 2799 388 242 2799 244 217 2845
276 285 2845 383 243 1936 237 205 2777
268 281 2845 382 241 1936 235 203 2799
265 279 2845 378 243 1947 234 196 2822
260 277 2799 373 246 1947 233 194 2822
255 272 2799 372 244 1947 233 192 2845
250 268 2822 368 248 1947 232 187 2822
247 264 2822 365 246 1947 231 184 2799
242 263 2799 360 251 1042 228 178 2822
235 259 2799 353 255 1048 229 176 2822
234 254 2799 351 253 1052 229 172 2822
347 255 1061 232 252 2799 229 169 2845
341 259 1947 226 245 2799 232 162 2845
339 258 1947 226 243 2799 232 159 2845
336 260 1947 225 242 2822 235 155 2822
333 261 1947 223 240 2822 236 155 2822
332 262 1947 225 239 2822 242 152 2822
331 265 1947 224 236 2799 245 150 2822
330 268 1947 225 232 2799 248 149 2822
325 270 1947 226 227 2799 252 148 2845
326 271 1947 226 226 2799 258 146 2822
327 270 1947 227 226 2799 262 145 2822
326 275 1947 229 223 2822 269 147 2822
325 279 1947 231 221 2822 275 146 2799
322 280 1958 234 218 2822 281 146 2799
328 280 1947 237 217 2822 286 146 2799
327 285 1947 242 215 2822 292 145 2799
327 287 1947 245 213 2799 301 146 2799
327 290 1915 249 209 2799 305 148 2799
328 290 2799 254 210 2799 313 149 2799
330 292 1023 258 208 2799 320 150 2777
334 296 2822 267 205 2799 333 152 2777
338 299 2799 274 203 2799 341 155 2777
335 303 2799 283 201 2799 354 161 2777
335 303 2799 283 201 2799 354 161 2777
341 307 2822 298 199 1078 374 169 2777
341 310 2777 304 199 1081 380 168 2777
343 312 2777 313 199 2799 389 173 2799
343 314 2777 317 199 2777 395 176 2777
346 314 2777 323 199 2777 399 178 2777
345 314 2777 324 199 2777 405 180 2777
344 314 2777 327 198 2777 409 183 2777
342 312 2777 331 198 2777 413 184 2777
340 311 2777 332 198 2777 416 187 2777
341 311 2777 338 197 2777 418 191 2777
337 309 2799 340 198 2777 422 195 2777
335 307 2799 343 197 2777 425 196 2777
335 309 2822 342 197 2777 428 196 2754
332 307 2799 429 203 2777 347 196 2777
324 302 2799 430 208 2777 348 197 2777
322 300 2799 430 210 2777 348 197 2777
322 300 2799 430 210 2777 348 197 2777
317 302 2822 429 215 2777 348 196 2777
312 298 2799 428 215 2777 345 195 2777
312 298 2799 428 215 2777 345 195 2777
307 294 2799 426 221 2777 345 195 2799
293 285 1006 423 225 2799 344 192 1109
274 280 2799 412 234 2777 340 186 2777
268 277 2845 410 235 2777 339 187 2777
261 273 2799 405 236 2799 339 186 2777
260 270 2799 403 238 2799 335 187 2777
255 269 2799 398 237 2799 335 187 2777
255 269 2799 398 237 2799 335 187 2777
250 265 2822 396 242 2754 334 187 2777
247 264 2822 391 242 2777 331 186 2799
239 259 2822 388 249 2777 330 186 2799
237 257 2799 383 249 1947 330 187 2799
232 254 2777 380 253 1947 331 187 2799
378 256 1947 230 251 2799 331 187 2799
377 258 1947 230 250 2799 330 189 2799
373 260 1947 226 247 2799 329 186 2799
371 264 1947 224 246 2799 333 194 2777
371 265 1947 223 242 2822 332 195 2777
369 269 1947 225 238 2822 335 197 2777
368 273 1947 222 239 2822 336 199 2777
367 274 1947 226 235 2799 337 201 2777
367 279 1947 225 234 2799 338 201 2777
367 279 1947 225 234 2799 338 201 2777
366 284 1947 228 232 2799 344 207 2777
366 287 1947 233 230 2799 345 208 2777
366 290 1958 233 230 2799 349 212 1992
365 294 2777 237 229 2799 352 215 1992
365 298 2777 243 224 2799 356 217 1980
367 304 2777 247 224 2799 359 220 1980
367 306 2777 249 223 2799 362 222 1969
369 308 2777 364 223 1969 253 223 2799
369 308 2777 364 223 1969 253 223 2799
368 317 2799 374 233 1958 262 222 2799
372 321 2799 377 236 1958 265 221 2777
370 324 2822 381 240 1947 269 221 2822
371 327 2799 382 240 1936 275 219 988
372 341 2845 401 261 2777 298 216 1055
371 343 2799 404 262 2754 301 214 1055
370 347 2754 408 269 2733 307 213 1969
367 348 2733 410 276 2777 315 211 1969
365 348 2711 411 276 2754 317 210 1969
361 351 2711 411 281 2777 324 207 2822
360 352 2711 411 287 2754 330 207 2799
356 350 2711 411 288 2754 328 206 2799
352 349 2733 409 288 2733 329 204 2799
349 351 2690 407 289 2754 331 203 2822
344 351 2733 407 293 2754 332 203 2822
338 350 2711 403 292 2733 331 201 2822
336 350 2733 401 294 2754 333 201 2799
328 349 2733 398 293 2733 331 199 2822
324 347 2777 395 296 2733 333 200 2799
316 344 2822 389 296 2754 332 197 2799
312 341 2845 387 297 2754 333 196 2799
305 339 2799 383 296 2733 329 192 2822
300 337 2822 378 296 2754 329 192 2822
279 328 2822 360 298 2799 326 188 1026
274 325 2822 355 298 2777 327 189 2799
260 319 2822 341 299 2777 324 188 991
242 308 2799 327 300 2869 322 187 991
238 304 2799 323 296 1109 320 187 994
232 300 2822 319 299 1109 320 185 1000
300 299 2799 217 292 2799 317 181 2799
296 299 2822 212 287 2799 317 184 2799
294 299 2822 210 285 2799 316 184 2799
290 298 2822 206 280 2799 317 183 2799
284 297 2822 203 277 2799 318 183 2799
283 296 2822 201 274 2799 319 185 2799
279 297 2822 199 271 2799 321 187 2799
277 297 2822 196 269 2799 322 189 2799
276 297 2822 196 267 2799 325 187 2799
274 297 2845 198 262 2799 326 188 2822
273 296 2845 197 260 2822 328 192 2799
273 296 2822 195 255 2822 332 195 2799
272 296 2845 198 252 2822 336 202 2777
272 296 2845 198 252 2822 336 202 2777
272 296 2822 199 251 2822 339 203 2777
277 295 2822 209 241 2822 351 213 1006
276 294 2822 212 239 2822 357 212 997
278 294 2822 216 237 2822 361 215 2003
284 295 2822 221 237 2799 363 219 1980
285 296 2822 222 234 2799 368 219 1980
285 296 2822 226 230 2799 372 225 1969
285 295 2822 232 229 2822 374 227 1958
288 294 2822 380 228 1958 236 226 2799
289 293 2822 385 232 1947 242 224 2799
292 295 2822 395 236 2799 244 223 2799
292 295 2822 392 238 2799 247 221 2799
294 292 2845 396 241 2777 252 218 2799
295 292 2845 400 243 2777 257 216 2799
296 291 2711 402 247 2777 257 216 1109
296 290 1969 405 247 2799 264 214 2822
297 290 1969 408 250 2799 267 212 2799
298 289 1969 411 257 2777 273 208 2799
298 289 1969 411 257 2777 273 208 2799
298 285 1969 417 258 2777 275 206 2799
298 284 1969 415 260 2777 278 205 2799
298 282 1969 415 262 2754 279 202 2822
296 281 1958 415 264 2754 282 201 2822
292 274 1980 411 271 2733 285 197 2799
291 274 1980 412 270 2711 286 192 2799
291 273 1980 409 271 2733 287 189 2822
409 275 2733 288 272 1980 287 188 2799
407 273 2711 288 270 1969 287 185 2799
403 275 2754 283 264 2845 290 184 2799
401 276 2754 283 263 2822 290 180 2822
398 277 2754 281 260 2822 288 178 2799
396 277 2754 279 259 2822 289 175 2799
388 278 2711 277 253 2845 289 174 2799
387 276 2669 275 252 2822 287 170 2822
382 278 1947 269 250 2822 287 168 2822
378 281 1947 267 246 2845 287 166 2822
373 280 1947 264 246 2845 287 163 2822
369 279 1947 261 241 2822 287 161 2822
364 281 1947 259 241 2799 286 159 2822
349 281 1020 251 232 2799 284 151 2822
345 282 1026 248 228 2799 285 150 2822
332 280 1958 244 216 2822 287 146 2799
323 280 1969 241 214 2822 288 145 2799
320 283 1969 235 210 2799 292 142 2822
317 283 1958 235 207 2799 293 142 2822
313 283 1958 235 207 2799 293 142 2799
310 282 1958 237 203 2799 295 142 2822
309 283 1969 235 200 2799 299 142 2799
305 285 1969 236 198 2822 302 141 2799
305 285 1969 236 198 2822 302 141 2799
308 287 1969 237 197 2822 305 142 2799
304 289 1969 240 194 2822 310 144 2799
302 292 2799 243 191 2822 315 147 2799
303 293 2799 246 190 2799 318 148 2799
298 293 2822 248 188 2799 321 149 2799
302 295 2822 253 186 2799 328 151 2799
301 296 2822 256 187 2799 333 153 2799
296 295 2822 258 187 2822 338 155 2799
304 299 1039 274 185 2799 354 162 2777
307 302 2822 282 187 2799 365 167 2777
308 302 2822 287 188 2799 371 171 2777
309 303 2799 296 186 2799 376 174 2777
311 302 2822 316 189 1095 398 187 2777
314 304 2822 403 195 2777 323 190 1095
315 303 2822 409 199 2777 326 192 1102
317 302 2845 413 200 2777 330 193 1105
317 303 2845 426 207 2799 340 196 2799
318 303 2845 430 215 2777 348 196 2777
316 302 2845 435 216 2777 352 196 2777
316 301 2845 439 220 2777 354 197 2777
317 299 2822 443 225 2777 359 197 2777
316 298 2799 442 228 2777 359 197 2777
314 299 2822 444 228 2777 364 199 2777
313 298 2799 446 232 2777 364 199 2777
310 296 2822 447 237 2777 368 200 2777
309 296 2799 444 237 2777 368 199 2777
309 296 2799 444 237 2777 368 199 2777
304 292 2799 445 243 2777 369 200 2777
304 292 2799 445 246 2777 371 200 2777
301 291 1969 444 246 2777 370 200 2777
296 284 1969 441 247 2777 372 201 2777
293 285 1969 438 250 2777 373 201 2777
289 281 1969 436 253 2799 371 200 2777
287 275 2003 433 255 2799 368 201 2777
275 269 1000 423 259 2754 364 199 1105
270 267 1003 421 261 2754 365 198 2799
407 267 2754 259 261 2845 358 198 2777
401 268 2754 258 256 2822 358 200 2777
397 271 2733 253 254 2845 354 198 2777
392 271 2733 251 248 2799 353 200 2777
391 274 2733 245 247 2799 350 201 2777
381 277 1947 239 243 2822 349 204 2777
379 279 1947 239 238 2822 347 205 2777
374 279 1947 236 236 2799 345 205 2777
372 283 1947 235 232 2799 342 204 2777
368 284 1947 232 231 2822 343 205 2777
365 285 1947 232 229 2822 341 206 2777
361 287 1947 229 228 2799 341 208 2777
360 290 1947 229 225 2799 340 208 2777
357 292 2777 228 224 2799 341 211 1958
355 295 2777 232 219 2822 344 213 1958
354 296 2777 231 218 2799 345 214 1969
352 298 2777 347 218 1969 230 217 2799
351 301 2777 347 217 1969 231 217 2822
349 304 2799 352 220 1969 233 215 2822
348 307 2799 351 224 1958 236 213 2822
348 308 2799 352 228 1936 238 211 2799
349 311 2799 357 230 1947 240 211 2822
347 313 2777 358 232 1947 239 210 2799
347 316 2777 360 234 1947 244 211 2822
348 317 2777 365 240 1936 245 211 2799
349 320 2822 365 238 1947 251 210 2799
349 323 2799 367 243 1947 255 209 2799
349 326 2822 372 246 1947 261 206 2799
350 328 2799 375 248 1947 262 206 2799
350 332 2777 378 251 1947 272 207 2822
350 333 2777 380 252 1947 278 206 2822
352 343 2822 394 269 2733 296 208 2822
353 345 2777 394 269 2733 302 207 1048
352 349 2711 401 280 2733 315 207 2799
350 349 2733 402 282 2754 321 209 2799
348 351 2711 402 283 2754 321 206 2799
347 351 2711 403 284 2733 326 207 2799
343 351 2733 404 289 2733 330 206 2777
343 350 2733 402 291 2754 330 206 2777
339 351 2711 402 292 2733 334 206 2777
337 351 2690 401 292 2733 338 206 2777
334 350 2711 401 293 2754 335 204 2777
330 348 2777 399 297 2754 337 203 2777
327 347 2754 397 298 2754 339 201 2777
322 346 2799 393 301 2777 339 199 2777
317 345 2822 391 300 2777 344 202 2777
314 341 2845 388 301 2777 340 197 2777
309 340 2822 387 302 2777 341 197 2777
303 339 2822 381 303 2754 341 196 2777
300 334 2845 375 304 2777 340 191 2777
294 334 2799 375 303 2777 342 194 2777
289 332 2822 371 303 2777 336 190 2777
275 324 2822 355 306 2777 333 186 1036
268 321 2822 350 303 2777 333 185 2799
254 311 2799 336 304 2799 331 186 994
246 307 2799 332 305 2799 328 186 1000
240 306 2799 327 302 2822 326 187 1000
320 303 2822 236 300 2799 327 186 997
315 302 2822 231 297 2799 325 185 1000
301 299 2822 218 287 2822 322 181 2777
298 297 2822 214 284 2799 321 184 2777
295 298 2822 212 281 2799 321 187 2777
289 296 2822 206 278 2799 320 184 2777
288 296 2822 204 274 2799 321 185 2777
286 295 2822 202 272 2799 321 185 2777
283 294 2822 200 269 2799 323 191 2777
281 294 2822 198 266 2799 322 189 2777
278 292 2822 199 262 2799 323 189 2777
278 292 2822 198 261 2799 328 192 2777
276 292 2822 197 258 2822 329 193 2777
277 292 2822 197 255 2822 331 196 2777
281 284 2822 199 251 2845 333 197 2777
308 275 1113 201 247 2822 339 196 2777
350 267 1947 228 263 2822 339 195 2777
378 277 1958 224 250 2822 357 188 2777
386 277 2649 222 243 2799 358 182 2799
270 239 1014 305 235 983 302 224 1039
301 261 932 331 244 1936 318 234 985
301 261 932 331 244 1936 318 234 985
316 245 1045 330 244 1947 329 227 1947
408 281 2754 395 230 2799 336 221 1947
353 254 1947 319 221 1958 350 198 2777
351 244 1947 311 205 2822 348 192 2777
351 244 1947 311 205 2822 348 192 2777
354 265 1936 306 192 2799 353 177 2799
359 274 1947 299 182 2777 356 166 2777
375 293 2777 348 286 1947 324 171 2799
369 291 2799 339 251 1947 337 197 2777
362 286 1947 340 259 1947 346 208 2777
362 286 1947 340 259 1947 346 208 2777
353 271 1947 336 239 1936 352 224 1958
357 259 1947 331 251 1947 347 198 2777
359 254 1947 324 250 1947 348 224 1958
360 251 1947 317 246 1947 342 235 958
330 281 1947 319 244 1936 353 233 1947
339 260 1947 326 234 1936 345 228 1947
314 268 1958 341 234 1925 323 231 1958
305 284 1969 333 265 1947 335 239 1936
305 282 1969 338 256 1947 323 244 1936
304 278 1969 336 257 1947 308 244 1958
307 276 1969 333 264 1947 304 242 1958
322 275 1947 296 250 1969 310 239 1947
324 273 1947 295 250 1969 305 234 1958
302 266 1969 319 258 1947 299 238 1958
311 283 1969 291 279 1969 304 240 1958
265 294 2822 392 235 2799 316 227 1036
259 293 2799 386 225 2799 317 213 1958
249 292 2822 359 231 1958 338 202 2754
249 290 2799 356 238 1947 336 199 2777
249 283 2822 355 243 1947 333 197 2777
255 274 2777 353 247 1958 331 202 2799
267 260 2822 341 248 1068 322 211 1958
282 261 2799 336 247 1078 306 215 1958
286 252 2822 333 250 1091 307 216 1958
332 248 1085 288 246 2822 307 215 1958
308 250 1947 294 233 1958 323 207 2799
309 247 1947 298 230 1958 336 203 2799
323 245 1045 296 240 1947 343 203 2799
329 246 1030 294 246 1947 350 204 2799
279 240 1272 353 230 961 358 200 2799
347 247 1008 278 244 1249 363 201 2822
364 250 997 264 242 1236 365 202 2799
383 266 1958 257 235 1210 370 198 2799
404 281 2777 266 232 1026 379 201 2822
405 285 2777 274 230 1014 376 202 2799
405 288 2777 287 231 1014 343 215 1969
388 278 2733 299 229 1026 338 221 1958
359 265 1958 308 238 1045 315 219 1947
358 265 1958 310 236 1048 314 217 1947
352 268 1958 312 236 1061 322 220 1947
352 268 1958 312 236 1061 322 220 1947
351 269 1958 312 236 1061 322 220 1947
355 280 1958 363 232 1958 312 231 1071
358 289 1947 376 236 1958 308 228 1058
375 342 2845 391 245 2799 288 217 1193
375 338 2845 384 245 1958 288 217 1181
372 336 2822 393 259 2799 286 218 1039
366 328 2822 400 273 2777 286 221 1039
361 324 2799 393 280 2777 277 229 2777
332 326 2799 373 285 1958 256 252 2822
316 338 2799 355 284 1958 252 261 2799
303 343 2777 336 283 1958 247 275 2799
294 348 2777 311 294 2799 237 279 2777
281 357 2649 234 299 2799 297 296 2799
274 363 2496 226 307 2777 280 297 2777
264 368 2392 214 316 2799 276 301 2822
255 368 2392 204 320 2777 267 304 2799
248 365 2460 195 332 2822 259 302 2799
237 359 2629 179 338 2822 243 304 2799
237 359 2629 179 338 2822 243 304 2799
236 354 2690 166 344 2822 237 300 2799
238 356 2669 161 352 2777 231 297 2777
246 354 2690 156 350 2822 227 296 2799
148 355 2733 250 351 2733 222 288 2777
129 354 2754 266 338 2799 220 278 2777
123 355 2669 273 332 2799 217 270 2777
118 362 2669 280 323 2777 217 263 2799
124 363 2649 282 313 2777 218 258 2799
133 355 2711 285 304 2777 220 253 2777
143 352 2754 292 293 2822 221 248 2754
143 352 2754 292 293 2822 221 248 2754
155 338 2799 299 281 1958 225 241 2799
185 321 2822 307 251 1947 224 250 2799
199 318 2777 230 248 2777 315 239 1936
231 299 2799 247 231 2777 335 215 1958
244 291 2777 268 213 2799 344 204 2799
257 283 2799 357 189 2799 273 184 1539
272 276 2799 367 180 2799 281 176 1589
291 274 1969 290 163 2754 383 161 2799
305 268 1052 299 153 2777 387 151 2799
324 260 1947 311 146 2777 401 130 2799
343 254 1947 323 137 2777 407 119 2799
354 251 1958 332 130 2799 414 109 2777
370 248 1958 340 125 2799 419 100 2777
496 223 2799 374 173 2799 411 106 2777
496 224 2777 368 181 2799 399 115 2777
491 231 2777 362 193 2822 389 125 2777
482 235 2777 354 207 2822 378 138 2777
482 239 2799 351 219 1992 365 145 2799
470 247 2799 345 230 1947 353 161 2799
461 253 2799 339 242 1958 341 170 2799
450 256 2822 328 255 1947 348 201 2799
311 268 1947 443 260 2799 339 213 1969
304 278 1958 437 262 2822 320 223 1947
296 291 2777 424 265 2799 295 234 1947
284 304 2799 412 273 2754 280 240 2777
275 317 2799 401 276 2754 250 243 2799
263 328 2777 383 281 1958 252 266 2777
254 336 2777 371 286 1958 229 273 2777
246 348 2777 214 287 2777 359 286 1958
235 358 2649 196 293 2799 347 288 1969
225 367 2443 185 305 2777 334 290 1925
217 377 2281 170 313 2777 323 289 1958
212 384 2181 157 320 2822 310 293 2845
203 392 2051 144 329 2754 298 294 2799
198 397 1980 133 340 2799 288 292 2777
195 401 1925 122 349 2822 274 289 2822
189 405 1894 119 355 2589 265 289 2777
192 396 2003 109 369 2392 247 286 2822
189 396 2003 106 375 2359 238 281 2777
190 391 2051 104 377 2327 234 277 2777
190 386 2140 104 382 2252 225 271 2777
193 386 2140 107 383 2237 221 267 2777
111 384 2208 200 379 2252 218 260 2799
200 386 2140 114 382 2237 216 252 2799
118 380 2297 211 372 2359 218 247 2777
128 376 2343 219 368 2443 217 242 2777
136 374 2376 229 356 2690 212 226 2777
147 366 2551 238 348 2777 216 218 2799
160 362 2589 251 335 2799 222 212 2777
174 355 2690 259 327 2777 225 201 2777
192 347 2799 276 314 2777 232 197 2799
208 340 2799 284 305 2799 236 190 2777
226 332 2777 300 292 2799 241 181 2799
245 321 2777 315 277 1947 245 175 2777
262 314 2777 330 267 1958 256 168 2777
278 306 2799 341 260 1045 263 162 2799
300 288 1958 311 272 1958 298 232 1026
311 278 1048 328 268 1058 317 249 1947
346 238 1947 391 227 2799 283 145 2799
341 271 1958 355 252 1958 355 238 1958
355 268 1958 410 206 2799 308 136 2777
374 257 1958 425 198 2799 310 135 2777
403 235 2822 444 183 2777 329 130 2777
413 234 2822 460 181 2777 342 130 2799
425 235 2822 468 176 2777 345 130 2799
439 222 2822 478 173 2777 351 133 2799
448 223 2799 483 166 2777 356 134 2799
460 226 2799 492 163 2799 364 134 2799
469 227 2799 496 159 2777 367 140 2799
480 228 2799 500 158 2777 372 143 2799
488 230 2777 503 156 2777 372 150 2799
494 233 2799 505 157 2777 377 153 2777
501 237 2777 375 162 2799 505 157 2777
506 238 2777 374 169 2799 506 159 2777
511 241 2799 374 177 2799 505 156 2777
514 244 2777 370 184 2799 503 162 2777
513 247 2799 366 197 2799 498 167 2799
512 249 2777 362 203 2822 492 172 2777
513 254 2799 358 215 2003 485 177 2777
506 255 2777 355 222 1969 466 191 2777
500 261 2799 353 232 1958 464 188 2777
497 263 2799 348 242 1947 455 197 2777
489 269 2799 339 251 1947 440 200 2799
481 274 2799 330 264 1958 429 206 2799
473 277 2799 322 274 1947 417 212 2799
316 283 1947 464 282 2799 403 218 2799
304 294 2777 453 285 2799 392 222 2799
297 300 2799 444 288 2822 379 228 1969
287 310 2822 435 290 2822 366 233 1958
277 320 2799 424 291 2777 354 237 1958
267 329 2777 417 291 2777 338 245 1958
256 337 2799 403 291 2777 328 250 1958
246 346 2799 391 291 2754 316 253 1936
226 360 2589 364 291 1958 286 258 2754
219 370 2392 356 291 2799 282 259 2799
208 374 2327 343 292 2845 275 259 2822
201 381 2208 330 293 2822 258 259 2822
194 378 2297 322 292 2822 252 260 2799
191 383 2153 313 291 1947 238 257 2777
185 384 2181 304 290 1958 231 257 2777
185 378 2266 294 285 1958 224 257 2822
181 370 2392 285 283 2777 219 255 2777
180 365 2496 275 282 2799 211 251 2799
182 362 2589 268 279 2822 212 251 2777
180 356 2733 260 274 2777 210 245 2822
181 354 2733 255 269 2777 203 237 2799
184 348 2799 254 263 2799 206 234 2777
191 345 2777 251 251 2799 202 228 2799
188 340 2799 255 244 2799 206 222 2777
195 338 2777 258 236 2777 207 215 2777
204 336 2777 265 225 2799 209 207 2777
208 328 2754 273 213 2799 213 202 2799
218 321 2777 284 201 2799 217 194 2799
229 315 2777 291 189 2777 219 187 2822
237 308 2799 223 184 2799 297 176 2777
251 301 2799 228 175 2799 306 164 2777
262 293 2799 235 169 2799 314 156 2777
273 287 2822 245 163 2777 322 145 2799
283 276 1969 256 157 2777 332 136 2799
298 270 1958 262 154 2777 342 126 2799
311 261 1947 273 151 2799 351 120 2799
317 252 1088 283 147 2799 361 111 2799
342 241 1947 300 143 2777 381 101 2777
374 223 1980 346 148 2799 408 106 2777
401 220 2822 370 147 2799 428 105 2777
401 220 2822 370 147 2799 428 105 2777
442 253 2799 381 147 2799 450 103 2777
441 257 2822 380 151 2777 446 109 2777
440 265 2799 377 156 2799 444 116 2799
439 278 2799 368 172 2799 435 135 2777
439 278 2799 368 172 2799 435 135 2777
435 285 2799 366 177 2799 428 147 2799
431 292 2799 356 189 2799 424 152 2777
423 299 2822 353 199 2799 415 160 2799
419 307 2822 351 205 2799 408 171 2799
415 311 2822 343 213 1969 399 180 2799
405 317 2799 331 218 1958 388 190 2799
395 324 2845 324 224 1958 384 195 2799
385 332 2822 313 232 1058 372 205 2799
375 340 2845 302 239 1947 360 213 2003
363 352 2711 283 256 2799 341 220 1058
363 352 2711 283 256 2799 341 220 1058
346 356 2649 271 255 2799 329 227 1958
338 363 2514 259 263 2799 321 228 1947
328 369 2376 251 266 2777 309 233 1936
325 373 2312 239 271 2822 299 232 1958
308 375 2281 228 276 2777 288 234 2003
303 377 2252 218 279 2777 278 237 1992
293 380 2194 211 282 2777 270 235 2051
285 380 2194 202 283 2777 262 231 2799
278 380 2194 196 283 2799 253 233 2777
266 377 2237 178 289 2799 234 227 2799
266 377 2237 178 289 2799 234 227 2799
260 373 2312 175 288 2777 230 225 2799
254 368 2392 170 285 2799 222 223 2777
257 364 2478 164 285 2799 218 220 2799
255 361 2570 176 291 2799 214 216 2822
255 354 2690 175 287 2799 211 208 2777
256 347 2777 174 280 2799 210 205 2754
254 342 2799 169 273 2822 207 200 2799
257 335 2777 158 264 2845 205 194 2799
261 326 2799 160 258 2799 209 187 2799
260 321 2799 161 254 2845 208 179 2799
263 313 2799 165 245 2799 209 173 2799
281 295 2799 173 232 2822 217 161 2822
284 288 2754 181 224 2822 223 154 2845
294 282 1958 186 217 2777 229 147 2799
303 272 1958 189 212 2822 235 140 2822
309 266 1947 198 204 2777 243 134 2799
321 258 1947 207 197 2799 249 129 2822
330 251 1061 221 199 2777 257 122 2799
337 243 1947 228 190 2799 265 116 2799
354 235 1958 237 183 2777 275 114 2799
359 231 1969 248 180 2777 282 110 2799
385 218 2799 262 174 2777 296 102 2777
385 218 2799 262 174 2777 296 102 2777
390 215 2845 270 172 2777 302 100 2777
457 200 2777 329 181 2799 344 101 2799
462 204 2777 333 184 2799 345 104 2799
468 208 2799 343 193 2799 350 113 2799
474 210 2777 347 196 2799 350 119 2799
480 211 2777 351 210 1969 351 129 2799
480 211 2777 351 210 1969 351 129 2799
353 217 1992 478 216 2799 351 136 2799
478 223 2799 353 223 1969 349 143 2799
354 232 1958 477 224 2777 348 151 2799
353 239 1958 476 233 2799 345 160 2799
352 248 1958 478 232 2799 341 169 2799
348 264 1958 472 245 2799 331 183 2799
340 273 1958 468 253 2799 329 196 2799
335 278 1958 462 257 2799 332 213 1969
331 289 1947 456 263 2799 326 225 1958
323 297 2822 452 267 2754 317 229 1947
315 306 2822 443 274 2799 311 237 1936
315 306 2822 443 274 2799 311 237 1936
310 314 2777 438 279 2799 299 243 1947
295 324 2799 419 289 2777 275 255 2799
295 324 2799 419 289 2777 275 255 2799
285 332 2799 409 290 2777 270 264 2799
268 345 2777 393 297 2754 248 272 2777
262 350 2733 381 303 2777 239 276 2777
252 352 2711 375 302 2799 231 282 2777
245 357 2649 363 307 2799 222 286 2777
236 360 2609 352 309 2799 213 290 2777
229 363 2532 348 306 2822 200 290 2799
229 363 2532 348 306 2822 200 290 2799
220 365 2496 337 308 2822 191 294 2799
213 365 2496 330 303 2822 182 294 2799
200 366 2496 316 296 2777 165 296 2777
195 363 2532 156 295 2777 308 291 1958
195 363 2532 156 295 2777 308 291 1958
193 363 2570 152 292 2799 305 289 1958
185 353 2733 139 287 2799 295 277 1958
186 351 2754 135 286 2777 291 272 1980
186 348 2799 131 281 2799 287 268 2799
186 343 2822 131 278 2845 284 264 2822
186 334 2822 130 270 2799 283 256 2799
186 334 2822 130 270 2799 283 256 2799
187 329 2799 130 266 2777 281 249 2822
193 316 2777 134 255 2799 287 233 2015
193 316 2777 134 255 2799 287 233 2015
201 309 2799 138 248 2845 288 225 2799
213 295 2777 149 236 2845 297 209 2777
218 286 2799 152 232 2822 300 206 2799
226 282 2799 156 228 2822 306 197 2777
233 274 2777 167 221 2822 312 188 2777
239 270 2822 174 219 2799 320 181 2799
247 263 2799 183 212 2799 328 175 2799
259 259 2799 185 210 2799 336 163 2822
259 259 2799 185 210 2799 336 163 2822
267 255 2799 197 208 2777 346 158 2822
284 244 2777 218 200 2799 362 148 2799
298 240 1947 226 200 2777 369 147 2799
305 241 1947 235 198 2799 377 136 2799
311 239 1936 243 195 2777 387 134 2799
322 235 1936 255 195 2777 393 135 2777
331 235 1936 270 195 2777 402 132 2799
337 238 1947 281 195 2777 407 134 2777
346 237 1947 289 197 2777 414 135 2777
352 241 1958 296 198 2777 420 132 2777
363 245 1958 306 200 2777 427 137 2777
366 244 1958 317 202 2777 430 136 2777
369 250 1958 324 209 2799 440 148 2777
378 255 1958 328 214 1958 443 148 2777
382 261 1958 329 220 1958 445 160 2777
389 264 2799 331 226 1958 446 155 2777
391 270 2777 337 231 1947 447 163 2777
389 278 2733 336 239 1947 449 167 2777
393 287 2733 331 247 1958 447 173 2777
388 291 2754 333 255 1958 448 183 2799
389 298 2777 327 264 1958 445 182 2777
389 298 2777 327 264 1958 445 182 2777
389 306 2822 323 270 1947 441 193 2777
390 314 2822 320 280 1958 437 196 2799
387 321 2822 317 287 1947 434 204 2799
384 327 2822 310 295 2799 427 207 2822
375 338 2845 298 311 2799 415 218 2799
369 345 2799 293 317 2799 409 223 2799
365 349 2733 285 326 2777 401 232 2822
358 353 2711 279 330 2799 392 236 2845
353 358 2609 272 338 2777 383 242 1925
345 362 2532 264 343 2777 373 244 1958
343 353 2733 255 348 2777 367 250 1958
343 353 2733 255 348 2777 367 250 1958
330 355 2690 247 352 2711 358 254 1958
233 361 2589 321 358 2609 342 262 1958
223 364 2514 315 362 2514 334 259 1958
215 366 2478 301 363 2496 325 260 1947
210 368 2443 295 363 2496 319 262 1947
199 369 2409 290 364 2460 310 260 1958
280 380 2194 192 368 2460 299 257 1947
273 378 2223 185 366 2514 296 255 1958
267 377 2237 180 365 2514 287 252 2822
259 374 2297 175 363 2589 282 250 2822
255 371 2343 172 361 2649 274 243 2799
255 371 2343 172 361 2649 274 243 2799
246 363 2532 165 352 2754 267 235 2777
244 353 2690 164 342 2822 258 223 2777
241 347 2777 164 337 2777 258 219 2777
240 341 2799 165 331 2799 257 212 2777
245 331 2777 167 324 2799 252 199 2777
246 327 2777 169 319 2799 253 194 2799
250 319 2777 172 312 2845 253 191 2799
254 311 2754 176 306 2845 258 183 2799
256 305 2799 181 299 2799 260 176 2777
264 297 2777 184 294 2799 268 172 2777
268 289 2799 191 288 2799 271 167 2799
268 289 2799 191 288 2799 271 167 2799
281 277 2799 206 277 2777 280 151 2799
211 275 2799 291 271 1969 283 145 2777
223 269 2799 298 266 1958 290 137 2777
230 266 2799 306 260 1958 294 133 2777
240 262 2777 318 255 1936 306 131 2777
249 260 2799 327 248 1033 306 124 2777
265 257 2799 345 242 1064 321 119 2777
285 255 1023 363 233 1958 330 114 2777
285 255 1023 363 233 1958 330 114 2777
302 257 1947 380 236 1969 346 113 2799
313 256 1947 389 237 2799 354 116 2799
320 257 1947 393 237 2822 360 117 2777
334 255 1958 404 237 2822 364 119 2799
336 266 1958 409 240 2822 373 124 2799
341 269 1958 415 241 2822 375 127 2799
348 273 1958 425 245 2799 373 129 2799
354 276 1958 430 250 2799 382 134 2799
360 282 1958 431 253 2799 386 140 2777
363 286 1958 437 259 2822 386 144 2799
367 293 2822 441 264 2822 385 150 2799
370 299 2799 443 270 2822 388 157 2799
372 306 2822 446 275 2822 386 163 2799
375 312 2799 444 281 2799 384 169 2799
374 322 2822 448 286 2799 380 174 2799
374 327 2822 442 295 2822 378 181 2822
373 334 2822 444 297 2799 378 190 2799
371 339 2822 443 305 2799 373 196 2799
369 346 2799 441 309 2822 368 203 2799
368 353 2711 436 315 2822 364 207 2799
364 361 2551 433 320 2822 361 215 2003
360 367 2426 429 326 2822 350 220 1980
355 374 2312 424 330 2845 348 227 1958
350 379 2208 417 334 2845 339 232 1947
345 385 2114 411 338 2822 335 236 1947
340 389 2063 405 341 2822 328 241 1936
333 394 2003 398 344 2845 317 244 1936
328 398 1936 392 344 2822 310 248 1947
320 402 1883 386 346 2822 300 251 1947
313 406 1833 378 350 2754 295 254 1958
306 409 1795 369 347 2777 285 254 2799
300 408 1824 360 344 2822 274 254 2799
293 408 1814 355 347 2777 270 256 2799
287 407 1833 347 347 2799 260 255 2799
283 408 1824 341 345 2799 254 254 2799
276 405 1843 334 342 2845 244 253 2777
272 404 1883 327 336 2799 243 252 2777
266 399 1925 322 334 2799 232 247 2777
262 397 1947 319 331 2799 230 245 2777
259 393 2015 314 324 2822 226 242 2799
256 387 2088 309 319 2777 217 236 2777
254 382 2181 308 314 2822 216 232 2777
253 378 2223 306 310 2822 212 226 2777
253 368 2409 305 302 2799 205 222 2799
253 363 2496 304 295 2777 203 214 2799
254 355 2669 303 286 1958 205 208 2799
255 345 2799 304 281 1958 207 204 2777
259 340 2777 307 273 1947 205 198 2799
261 331 2777 307 265 1947 206 191 2799
265 323 2799 311 262 1947 209 185 2799
269 316 2799 317 252 1947 208 179 2799
272 308 2777 318 245 1936 212 175 2799
277 300 2822 323 238 1045 219 169 2799
282 294 2799 328 233 1045 226 163 2799
292 283 1958 340 222 1091 235 156 2799
292 283 1958 340 222 1091 235 156 2799
301 276 1958 347 219 1980 244 150 2777
306 273 1052 354 214 2003 249 146 2799
315 269 1947 362 212 2003 254 143 2799
323 261 1074 369 207 2822 257 142 2799
328 259 1947 375 204 2799 268 140 2799
337 256 1958 382 206 2822 277 137 2799
344 259 1958 393 201 2822 282 138 2799
358 264 1958 406 202 2799 295 136 2777
366 261 1958 412 199 2799 304 137 2777
366 261 1958 412 199 2799 304 137 2777
381 268 1958 425 204 2799 311 141 2777
381 268 1958 425 204 2799 311 141 2777
388 268 2799 431 209 2799 316 146 2799
395 274 2733 435 208 2799 320 149 2777
401 277 2754 439 211 2799 329 155 2799
408 285 2754 444 215 2799 332 159 2799
417 294 2799 450 223 2799 335 170 2822
417 294 2799 450 223 2799 335 170 2822
420 301 2822 453 227 2777 342 175 2799
422 304 2845 454 231 2799 341 180 2799
425 320 2822 456 241 2799 346 193 2822
427 327 2822 454 246 2822 344 202 2799
425 331 2845 454 255 2799 346 207 2799
425 331 2845 454 255 2799 346 207 2799
426 339 2822 453 263 2799 341 214 1969
423 346 2777 451 262 2799 342 218 1969
419 358 2609 446 274 2799 333 232 1947
417 363 2496 445 288 2822 326 239 1936
408 371 2343 433 293 2799 321 247 1947
402 377 2237 432 298 2822 317 253 1947
398 381 2167 425 301 2845 307 258 1958
391 385 2114 418 306 2822 303 261 1947
387 386 2101 415 308 2822 296 265 1958
387 386 2101 415 308 2822 296 265 1958
381 390 2027 409 310 2799 285 269 2822
374 391 2015 399 313 2822 281 270 2822
367 392 2015 398 315 2822 271 272 2822
356 392 2015 380 317 2799 260 276 2799
348 390 2039 375 317 2799 251 278 2799
338 385 2114 359 311 2799 234 278 2777
331 384 2114 355 310 2799 234 276 2777
324 377 2252 349 305 2822 225 275 2754
322 376 2252 344 301 2799 215 272 2777
317 371 2343 336 293 2799 213 268 2777
312 366 2426 334 291 2799 206 265 2799
311 360 2532 330 283 1947 202 261 2777
309 355 2690 325 278 1947 201 256 2799
307 348 2777 324 272 1947 197 249 2799
305 344 2799 321 266 1947 192 247 2799
305 336 2799 319 259 1947 195 238 2777
305 330 2799 318 249 1947 192 234 2777
306 322 2799 317 250 1947 192 228 2822
308 308 2822 317 232 1936 191 217 2799
312 302 2799 320 222 1947 195 211 2822
313 293 2799 321 215 1958 197 206 2799
319 287 1958 325 209 1074 196 203 2777
331 270 1023 332 194 2799 206 190 2777
334 268 1958 338 187 2799 212 185 2799
339 261 1058 214 185 2799 341 182 2799
358 250 1947 227 177 2777 355 172 2799
358 250 1947 227 177 2777 355 172 2799
361 248 1958 236 173 2799 360 170 2799
366 245 1958 240 173 2777 366 166 2777
382 240 1947 250 173 2777 377 160 2799
382 240 1947 250 173 2777 377 160 2799
390 235 2822 254 174 2777 384 160 2799
401 234 2822 269 174 2777 397 158 2799
401 234 2822 269 174 2777 397 158 2799
416 230 2822 280 180 2777 408 162 2799
421 236 2822 287 182 2777 415 162 2799
429 238 2799 291 186 2799 419 167 2799
434 242 2799 296 191 2777 424 168 2799
438 244 2799 302 195 2777 428 170 2799
444 248 2799 307 200 2777 431 176 2799
451 254 2799 311 205 2777 437 181 2799
454 258 2799 315 211 1958 439 185 2799
458 264 2799 317 218 1958 442 190 2777
460 268 2799 320 226 1947 443 196 2799
463 273 2777 323 231 1936 444 199 2799
466 279 2799 321 237 1071 444 204 2799
467 292 2799 324 247 1947 443 215 2799
466 297 2799 323 255 1947 430 224 2799
465 302 2822 319 263 1947 441 229 2799
465 309 2799 319 267 1947 437 233 2799
461 314 2799 316 278 1947 435 236 2799
461 319 2822 315 280 1947 431 244 2799
457 324 2799 311 286 1958 426 245 2799
455 329 2822 304 294 2777 423 254 2822
449 332 2845 301 297 2799 419 257 2799
446 336 2822 298 301 2799 410 261 2799
441 339 2799 291 307 2822 408 263 2799
435 342 2799 287 309 2822 401 267 2799
432 343 2845 281 313 2799 397 271 2754
424 344 2777 272 317 2799 390 270 2777
418 344 2822 268 316 2799 382 271 1958
405 340 2845 256 319 2777 367 270 1958
397 340 2845 250 317 2777 361 267 1958
390 337 2822 242 319 2777 354 266 1947
384 336 2822 235 319 2799 349 262 1958
378 331 2822 230 317 2754 346 262 1958
373 327 2822 225 314 2777 341 260 1958
368 321 2822 218 317 2777 334 256 1958
362 317 2799 214 311 2777 329 252 1947
356 311 2799 210 304 2777 324 247 1947
353 307 2822 205 303 2777 321 243 1936
344 293 2822 201 291 2799 315 232 1936
341 288 1958 197 285 2799 312 225 1947
339 282 1969 197 278 2777 308 218 1958
